t # 0
v 0 5
v 1 6
v 2 6
v 3 6
v 4 6
v 5 6
v 6 6
v 7 6
v 8 6
v 9 7
v 10 7
v 11 6
v 12 6
v 13 6
v 14 6
v 15 6
v 16 6
v 17 5
v 18 5
v 19 6
v 20 6
v 21 5
e 0 1 2
e 1 2 1
e 2 3 1
e 3 4 2
e 4 5 1
e 5 6 2
e 6 7 1
e 7 8 2
e 3 8 1
e 6 9 1
e 9 10 1
e 10 11 1
e 11 12 2
e 12 13 1
e 13 14 2
e 14 15 1
e 15 16 1
e 16 17 2
e 16 18 1
e 14 19 1
e 19 20 2
e 11 20 1
e 1 21 1
t # 1
v 0 7
v 1 8
v 2 6
v 3 6
v 4 6
v 5 6
v 6 6
v 7 6
v 8 9
v 9 9
v 10 9
v 11 9
e 0 1 2
e 1 2 1
e 2 3 2
e 3 4 1
e 4 5 2
e 5 6 1
e 6 7 2
e 2 7 1
e 8 9 1
e 10 11 1
e 1 10 1
e 1 8 1
t # 2
v 0 5
v 1 9
v 2 6
v 3 6
v 4 6
v 5 9
v 6 5
v 7 6
v 8 6
v 9 6
v 10 5
v 11 5
e 0 1 2
e 1 2 1
e 2 3 2
e 3 4 1
e 4 5 1
e 5 6 2
e 4 7 2
e 7 8 1
e 8 9 2
e 2 9 1
e 9 10 1
e 3 11 1
t # 3
v 0 10
v 1 6
v 2 6
v 3 6
v 4 6
v 5 6
v 6 6
v 7 6
v 8 6
v 9 10
v 10 5
v 11 6
v 12 6
v 13 5
v 14 6
v 15 6
v 16 6
v 17 6
v 18 10
v 19 10
v 20 10
e 0 1 1
e 1 2 1
e 2 3 1
e 3 4 2
e 4 5 1
e 5 6 2
e 6 7 1
e 7 8 2
e 3 8 1
e 7 9 1
e 4 10 1
e 2 11 1
e 11 12 2
e 12 13 1
e 12 14 1
e 14 15 2
e 15 16 1
e 16 17 2
e 11 17 1
e 16 18 1
e 1 19 1
e 1 20 1
t # 4
v 0 5
v 1 6
v 2 6
v 3 6
v 4 6
v 5 6
v 6 6
v 7 6
v 8 7
v 9 7
v 10 6
v 11 6
v 12 6
v 13 9
v 14 9
v 15 5
v 16 6
v 17 6
v 18 6
v 19 6
v 20 9
v 21 9
e 0 1 2
e 1 2 1
e 2 3 2
e 3 4 1
e 4 5 2
e 5 6 1
e 6 7 2
e 2 7 1
e 3 8 1
e 8 9 1
e 9 10 1
e 10 11 2
e 11 12 1
e 13 14 1
e 12 14 1
e 12 15 2
e 11 16 1
e 16 17 2
e 17 18 1
e 18 19 2
e 10 19 1
e 20 21 1
e 1 21 1
t # 5
v 0 5
v 1 6
v 2 6
v 3 6
v 4 6
v 5 6
v 6 6
v 7 6
v 8 7
v 9 7
v 10 6
v 11 6
v 12 6
v 13 6
v 14 9
v 15 9
v 16 10
v 17 6
v 18 6
v 19 6
v 20 6
v 21 6
v 22 6
v 23 10
v 24 5
v 25 6
v 26 6
v 27 6
v 28 6
v 29 9
v 30 9
v 31 6
v 32 6
v 33 6
v 34 10
v 35 6
v 36 6
v 37 10
v 38 6
v 39 6
e 0 1 2
e 1 2 1
e 2 3 2
e 3 4 1
e 4 5 2
e 5 6 1
e 6 7 2
e 2 7 1
e 3 8 1
e 8 9 1
e 9 10 1
e 10 11 2
e 11 12 1
e 13 14 2
e 14 15 1
e 12 15 1
e 16 17 1
e 17 18 2
e 18 19 1
e 19 20 2
e 13 20 1
e 17 21 1
e 21 22 2
e 20 22 1
e 19 23 1
e 12 24 2
e 11 25 1
e 25 26 2
e 26 27 1
e 27 28 2
e 10 28 1
e 1 29 1
e 29 30 1
e 30 31 2
e 31 32 1
e 32 33 2
e 33 34 1
e 33 35 1
e 35 36 2
e 36 37 1
e 36 38 1
e 38 39 2
e 32 39 1
t # 6
v 0 6
v 1 7
v 2 6
v 3 7
v 4 7
v 5 9
v 6 9
e 0 1 1
e 1 2 1
e 2 3 2
e 0 4 2
e 0 5 1
e 5 6 1
e 2 6 1
t # 7
v 0 9
v 1 6
v 2 6
v 3 6
v 4 6
v 5 6
v 6 6
v 7 6
v 8 6
v 9 6
v 10 6
v 11 9
v 12 9
v 13 6
v 14 6
v 15 6
v 16 6
v 17 6
v 18 6
v 19 6
v 20 6
v 21 6
v 22 6
v 23 6
v 24 6
v 25 6
v 26 6
v 27 9
v 28 9
v 29 9
v 30 6
v 31 6
v 32 6
v 33 6
v 34 6
v 35 6
v 36 6
v 37 6
v 38 6
v 39 6
v 40 7
v 41 5
v 42 5
v 43 5
v 44 7
v 45 5
v 46 5
v 47 5
e 0 1 1
e 1 2 2
e 2 3 1
e 3 4 2
e 4 5 1
e 5 6 2
e 1 6 1
e 4 7 1
e 7 8 2
e 8 9 1
e 9 10 2
e 3 10 1
e 2 11 1
e 11 12 2
e 12 13 1
e 13 14 2
e 14 15 1
e 15 16 2
e 16 17 1
e 17 18 2
e 13 18 1
e 16 19 1
e 19 20 2
e 20 21 1
e 21 22 2
e 22 23 1
e 23 24 2
e 24 25 1
e 25 26 2
e 21 26 1
e 24 27 1
e 27 28 2
e 29 30 1
e 30 31 2
e 31 32 1
e 32 33 2
e 33 34 1
e 34 35 2
e 28 35 1
e 30 35 1
e 33 36 1
e 36 37 2
e 37 38 1
e 38 39 2
e 34 39 1
e 22 40 1
e 40 41 2
e 40 42 2
e 15 44 1
e 44 45 2
e 44 46 2
e 44 47 1
e 40 43 1
t # 8
v 0 5
v 1 6
v 2 6
v 3 6
v 4 6
v 5 5
v 6 6
v 7 6
v 8 6
v 9 6
v 10 5
v 11 6
v 12 6
v 13 5
v 14 6
v 15 6
v 16 5
v 17 6
v 18 5
v 19 6
v 20 5
v 21 6
v 22 6
v 23 5
v 24 5
v 25 6
v 26 5
v 27 6
v 28 6
v 29 5
v 30 5
v 31 6
v 32 6
v 33 6
v 34 5
v 35 5
e 0 1 2
e 1 2 1
e 2 3 2
e 3 4 1
e 4 5 2
e 4 6 1
e 6 7 2
e 1 7 1
e 8 9 1
e 7 9 1
e 10 11 2
e 11 12 1
e 9 12 2
e 11 13 1
e 12 14 1
e 14 15 2
e 6 15 1
e 14 16 1
e 3 17 1
e 17 18 1
e 17 19 2
e 19 20 1
e 19 21 1
e 21 22 2
e 2 22 1
e 22 23 1
e 21 24 1
e 25 24 1
e 25 26 1
e 26 27 1
e 27 28 1
e 28 29 1
e 31 30 1
e 27 31 1
e 31 32 1
e 32 33 1
e 25 33 1
e 33 34 1
e 32 35 1
t # 9
v 0 5
v 1 7
v 2 6
v 3 6
v 4 6
v 5 6
v 6 6
v 7 6
v 8 5
v 9 7
v 10 5
v 11 6
v 12 6
v 13 6
v 14 6
v 15 6
v 16 6
v 17 5
e 0 1 2
e 1 2 1
e 2 3 2
e 3 4 1
e 4 5 2
e 5 6 1
e 6 7 2
e 2 7 1
e 3 8 1
e 9 10 2
e 9 11 1
e 11 12 2
e 12 13 1
e 13 14 2
e 14 15 1
e 15 16 2
e 11 16 1
e 12 17 1
e 1 9 1
t # 10
v 0 5
v 1 7
v 2 5
v 3 6
v 4 6
v 5 6
v 6 6
v 7 6
v 8 6
v 9 6
v 10 5
v 11 6
v 12 6
v 13 6
v 14 6
v 15 5
v 16 6
v 17 6
v 18 10
v 19 11
v 20 6
v 21 6
v 22 6
v 23 6
v 24 5
v 25 6
v 26 6
v 27 10
v 28 11
e 0 1 2
e 1 2 2
e 3 8 2
e 3 4 1
e 4 5 2
e 5 6 1
e 6 7 2
e 7 8 1
e 1 8 1
e 7 9 1
e 9 10 1
e 9 11 1
e 11 12 2
e 12 13 1
e 13 14 2
e 14 15 1
e 14 16 1
e 16 17 2
e 11 17 1
e 16 18 1
e 9 20 1
e 20 21 2
e 21 22 1
e 22 23 2
e 23 24 1
e 23 25 1
e 25 26 2
e 20 26 1
e 25 27 1
e 1 10 1
e 13 19 1
e 22 28 1
t # 11
v 0 6
v 1 6
v 2 6
v 3 6
v 4 6
v 5 6
v 6 6
v 7 6
v 8 6
v 9 6
v 10 5
v 11 7
v 12 5
v 13 5
v 14 6
v 15 6
v 16 6
v 17 5
v 18 6
v 19 6
v 20 6
v 21 6
v 22 6
v 23 6
v 24 6
v 25 11
v 26 6
v 27 6
v 28 6
v 29 6
v 30 6
v 31 6
v 32 6
v 33 11
v 34 5
e 0 1 1
e 1 2 2
e 2 3 1
e 3 4 1
e 4 5 2
e 5 6 1
e 6 7 2
e 7 8 1
e 8 9 2
e 4 9 1
e 10 11 2
e 5 11 1
e 11 12 2
e 3 13 1
e 14 15 1
e 15 16 2
e 3 16 1
e 17 18 1
e 18 19 2
e 15 19 1
e 18 20 1
e 20 21 2
e 16 21 1
e 20 22 1
e 22 23 1
e 22 24 1
e 26 27 1
e 27 28 1
e 28 29 2
e 2 29 1
e 27 30 1
e 28 31 1
e 31 32 2
e 1 32 1
e 31 34 1
e 32 33 1
e 11 13 1
e 19 25 1
t # 12
v 0 6
v 1 6
v 2 6
v 3 6
v 4 5
v 5 5
v 6 6
v 7 6
v 8 6
v 9 6
v 10 6
v 11 5
v 12 6
v 13 6
v 14 6
v 15 5
v 16 5
v 17 6
v 18 6
v 19 6
v 20 5
v 21 6
v 22 5
v 23 6
v 24 6
v 25 5
v 26 6
v 27 6
v 28 6
v 29 5
v 30 5
v 31 6
v 32 5
v 33 6
v 34 6
v 35 5
v 36 6
v 37 6
v 38 5
v 39 5
v 40 6
v 41 5
v 42 6
v 43 5
v 44 6
v 45 6
v 46 5
v 47 6
v 48 6
v 49 6
v 50 5
v 51 5
e 0 1 1
e 1 2 2
e 2 3 1
e 3 4 2
e 5 6 1
e 6 7 2
e 7 8 1
e 0 8 2
e 6 9 1
e 9 10 2
e 0 10 1
e 1 11 1
e 11 12 1
e 12 13 2
e 13 14 1
e 14 15 1
e 17 16 1
e 17 18 1
e 18 19 1
e 19 15 1
e 21 20 1
e 17 21 1
e 19 22 1
e 22 23 1
e 21 23 1
e 23 24 1
e 18 25 1
e 14 26 2
e 26 27 1
e 27 28 2
e 12 28 1
e 3 28 1
e 27 29 1
e 2 30 1
e 31 30 1
e 31 32 1
e 32 33 1
e 33 34 1
e 34 35 1
e 36 35 1
e 36 37 1
e 37 38 1
e 40 39 1
e 37 40 1
e 42 41 1
e 40 42 1
e 36 43 1
e 43 44 1
e 42 44 1
e 44 45 1
e 47 46 1
e 33 47 1
e 47 48 1
e 48 49 1
e 31 49 1
e 49 50 1
e 48 51 1
t # 13
v 0 9
v 1 6
v 2 6
v 3 6
v 4 6
v 5 6
v 6 6
v 7 7
v 8 5
v 9 5
v 10 5
v 11 7
v 12 6
v 13 6
v 14 5
v 15 5
v 16 5
v 17 6
v 18 6
v 19 9
v 20 9
v 21 6
v 22 6
v 23 6
v 24 6
v 25 6
v 26 9
v 27 6
v 28 6
v 29 6
v 30 9
v 31 9
v 32 6
v 33 6
v 34 6
v 35 6
v 36 6
v 37 6
v 38 7
v 39 5
v 40 5
v 41 5
v 42 7
v 43 6
v 44 6
v 45 5
v 46 5
v 47 5
v 48 6
v 49 6
v 50 6
v 51 6
v 52 6
v 53 6
v 54 7
v 55 5
v 56 5
v 57 5
e 0 1 1
e 1 2 2
e 2 3 1
e 3 4 2
e 4 5 1
e 5 6 2
e 1 6 1
e 6 7 1
e 7 8 2
e 7 9 2
e 11 12 1
e 12 13 2
e 4 13 1
e 11 14 2
e 11 15 2
e 12 17 1
e 17 18 2
e 3 18 1
e 2 19 1
e 19 20 2
e 21 22 1
e 22 23 2
e 23 24 1
e 24 25 2
e 20 25 1
e 26 27 1
e 27 28 2
e 28 29 1
e 21 29 2
e 26 30 2
e 31 32 1
e 32 33 2
e 33 34 1
e 34 35 2
e 35 36 1
e 36 37 2
e 30 37 1
e 32 37 1
e 33 38 1
e 38 39 2
e 38 40 2
e 42 43 1
e 43 44 2
e 35 44 1
e 42 45 2
e 42 46 2
e 43 48 1
e 48 49 2
e 36 49 1
e 27 50 1
e 50 51 2
e 21 51 1
e 22 52 1
e 52 53 2
e 25 53 1
e 24 54 1
e 54 55 2
e 54 56 2
e 54 57 1
e 7 10 1
e 11 16 1
e 38 41 1
e 42 47 1
t # 14
v 0 5
v 1 6
v 2 6
v 3 6
v 4 6
v 5 6
v 6 6
v 7 9
v 8 9
v 9 6
v 10 6
v 11 6
v 12 6
v 13 6
v 14 6
v 15 6
v 16 6
v 17 9
v 18 6
v 19 9
v 20 6
v 21 6
v 22 6
v 23 6
v 24 7
v 25 6
v 26 6
v 27 5
v 28 5
v 29 5
v 30 6
v 31 6
v 32 6
v 33 6
v 34 5
v 35 9
v 36 7
v 37 5
v 38 5
v 39 5
v 40 6
v 41 6
v 42 6
v 43 6
v 44 6
v 45 7
v 46 5
v 47 5
v 48 5
v 49 7
v 50 6
v 51 6
v 52 5
v 53 5
v 54 5
v 55 6
v 56 6
v 57 9
e 0 1 1
e 1 2 2
e 2 3 1
e 3 4 2
e 4 5 1
e 5 6 2
e 1 6 1
e 6 7 1
e 7 8 2
e 9 10 1
e 10 11 2
e 11 12 1
e 12 13 2
e 8 13 1
e 14 15 1
e 15 16 2
e 9 16 1
e 17 18 1
e 15 18 1
e 17 19 2
e 19 20 1
e 20 21 2
e 21 22 1
e 22 23 2
e 24 25 1
e 25 26 2
e 23 26 1
e 24 27 2
e 24 28 2
e 25 30 1
e 30 31 2
e 31 32 1
e 23 32 1
e 32 33 2
e 20 33 1
e 33 34 1
e 31 35 1
e 21 36 1
e 36 37 2
e 36 38 2
e 18 40 2
e 40 41 1
e 9 41 2
e 10 42 1
e 42 43 2
e 13 43 1
e 12 44 1
e 5 45 1
e 45 46 2
e 45 47 2
e 49 50 1
e 50 51 2
e 3 51 1
e 49 52 2
e 49 53 2
e 50 55 1
e 55 56 2
e 2 56 1
e 56 57 1
e 45 48 1
e 49 54 1
e 36 39 1
e 24 29 1
t # 15
v 0 6
v 1 6
v 2 6
v 3 6
v 4 6
v 5 6
v 6 6
v 7 6
v 8 6
v 9 5
v 10 6
v 11 6
v 12 6
v 13 6
v 14 6
v 15 6
v 16 6
v 17 6
v 18 6
v 19 6
v 20 6
v 21 5
e 1 0 1
e 1 2 1
e 2 3 1
e 3 4 1
e 4 5 1
e 5 6 2
e 6 7 1
e 7 8 1
e 8 9 2
e 5 10 1
e 10 11 1
e 8 11 1
e 3 12 1
e 12 13 1
e 6 13 1
e 4 14 1
e 14 15 1
e 1 15 1
e 2 16 1
e 16 17 1
e 17 18 1
e 1 18 1
e 18 19 1
e 19 20 3
e 18 21 1
t # 16
v 0 12
v 1 5
v 2 5
v 3 5
v 4 5
v 5 5
v 6 5
v 7 6
v 8 6
v 9 6
v 10 9
v 11 9
v 12 9
v 13 6
v 14 6
v 15 6
v 16 6
v 17 6
v 18 6
v 19 6
v 20 6
v 21 6
v 22 6
v 23 6
v 24 6
v 25 6
v 26 6
v 27 6
v 28 6
v 29 6
v 30 6
v 31 6
v 32 6
v 33 6
v 34 6
v 35 6
v 36 6
v 37 6
v 38 6
v 39 6
e 0 1 1
e 0 2 1
e 0 3 1
e 0 4 1
e 0 5 1
e 0 6 1
e 1 7 1
e 2 8 1
e 3 9 1
e 4 10 2
e 5 11 2
e 6 12 2
e 7 13 2
e 7 14 1
e 8 15 2
e 8 16 1
e 9 17 2
e 9 18 1
e 13 19 1
e 14 20 2
e 15 21 1
e 16 22 2
e 17 23 1
e 18 24 2
e 19 25 2
e 19 26 1
e 21 27 2
e 21 28 1
e 23 29 2
e 23 30 1
e 25 31 1
e 26 32 2
e 27 33 1
e 28 34 2
e 29 35 1
e 30 36 2
e 31 37 2
e 33 38 2
e 35 39 2
e 12 13 1
e 11 15 1
e 10 17 1
e 20 25 1
e 22 27 1
e 24 29 1
e 32 37 1
e 34 38 1
e 36 39 1
t # 17
v 0 5
v 1 7
v 2 6
v 3 6
v 4 6
v 5 6
v 6 6
v 7 6
v 8 7
v 9 6
v 10 6
v 11 6
v 12 6
v 13 6
v 14 6
e 0 1 2
e 1 2 1
e 2 3 2
e 3 4 1
e 4 5 2
e 5 6 1
e 6 7 2
e 2 7 1
e 3 8 1
e 8 9 1
e 9 10 2
e 10 11 1
e 11 12 2
e 12 13 1
e 13 14 2
e 9 14 1
e 1 10 1
t # 18
v 0 7
v 1 6
v 2 6
v 3 6
v 4 6
v 5 6
v 6 6
v 7 6
v 8 6
v 9 5
v 10 6
v 11 5
v 12 9
v 13 9
v 14 6
e 0 1 1
e 1 2 2
e 2 3 1
e 3 4 1
e 4 5 2
e 5 6 1
e 6 7 2
e 2 7 1
e 8 9 1
e 6 9 1
e 10 11 1
e 5 11 1
e 3 12 2
e 12 13 1
e 13 14 2
e 1 14 1
t # 19
v 0 10
v 1 12
v 2 9
v 3 9
v 4 9
v 5 9
v 6 6
v 7 6
v 8 6
v 9 6
v 10 6
v 11 6
v 12 6
v 13 6
v 14 6
v 15 6
v 16 6
v 17 6
v 18 6
v 19 6
v 20 6
v 21 6
v 22 6
v 23 6
v 24 6
v 25 6
v 26 6
v 27 6
v 28 6
v 29 6
v 30 6
v 31 6
v 32 6
v 33 6
v 34 6
v 35 6
v 36 6
v 37 5
v 38 6
v 39 5
v 40 6
v 41 6
v 42 5
v 43 5
v 44 5
v 45 5
e 0 1 1
e 1 2 1
e 1 3 1
e 1 4 1
e 1 5 1
e 2 6 1
e 2 7 1
e 3 8 2
e 3 9 1
e 4 10 2
e 4 11 1
e 5 12 1
e 5 13 1
e 6 14 2
e 6 15 1
e 7 16 2
e 7 17 1
e 8 18 1
e 9 19 2
e 9 20 1
e 10 21 1
e 11 22 2
e 11 23 1
e 12 24 2
e 13 25 2
e 15 26 1
e 17 27 1
e 18 28 1
e 20 29 1
e 21 30 1
e 23 31 1
e 24 32 1
e 25 33 1
e 26 34 1
e 28 35 1
e 30 36 1
e 30 37 2
e 32 38 1
e 32 39 2
e 34 40 1
e 35 41 1
e 40 42 2
e 40 43 1
e 41 44 2
e 41 45 1
e 8 14 1
e 10 16 1
e 15 17 2
e 13 19 1
e 18 20 2
e 12 22 1
e 21 23 2
e 24 25 1
t # 20
v 0 6
v 1 9
v 2 6
v 3 7
v 4 6
v 5 9
v 6 6
v 7 7
v 8 7
v 9 6
v 10 5
v 11 6
v 12 7
v 13 7
v 14 6
v 15 9
v 16 6
v 17 6
v 18 7
v 19 7
v 20 6
v 21 5
v 22 6
v 23 7
v 24 7
v 25 7
v 26 7
v 27 6
v 28 5
v 29 6
v 30 7
e 0 1 1
e 1 2 1
e 2 3 2
e 4 5 1
e 5 6 1
e 0 6 1
e 4 7 1
e 7 8 1
e 8 9 1
e 9 10 1
e 10 11 1
e 9 12 2
e 4 13 2
e 14 15 1
e 15 16 1
e 16 17 1
e 1 17 1
e 14 18 1
e 18 19 1
e 19 20 1
e 20 21 1
e 21 22 1
e 20 23 2
e 14 24 2
e 2 25 1
e 25 26 1
e 26 27 1
e 27 28 1
e 28 29 1
e 27 30 2
t # 21
v 0 10
v 1 6
v 2 6
v 3 6
v 4 6
v 5 5
v 6 9
v 7 6
v 8 5
v 9 6
v 10 6
v 11 11
e 0 1 1
e 1 2 2
e 2 3 1
e 3 4 2
e 4 5 1
e 3 6 1
e 6 7 1
e 5 7 1
e 7 8 2
e 4 9 1
e 9 10 2
e 1 10 1
e 10 11 1
t # 22
v 0 5
v 1 7
v 2 5
v 3 6
v 4 6
v 5 6
v 6 6
v 7 6
v 8 6
v 9 10
v 10 9
v 11 5
v 12 5
v 13 6
v 14 6
v 15 6
v 16 6
v 17 6
v 18 6
v 19 6
v 20 6
v 21 5
e 0 1 2
e 1 2 2
e 1 3 1
e 3 4 2
e 4 5 1
e 5 6 2
e 6 7 1
e 7 8 2
e 3 8 1
e 8 9 1
e 4 10 1
e 10 11 2
e 10 12 1
e 1 13 1
e 13 14 2
e 14 15 1
e 15 16 2
e 16 17 1
e 17 18 2
e 13 18 1
e 17 19 1
e 20 21 1
e 14 21 1
t # 23
v 0 9
v 1 6
v 2 6
v 3 6
v 4 6
v 5 9
v 6 9
v 7 6
v 8 6
v 9 6
v 10 6
v 11 6
v 12 6
v 13 9
v 14 9
v 15 6
v 16 6
v 17 6
v 18 6
v 19 5
v 20 6
v 21 6
v 22 5
v 23 6
v 24 5
v 25 9
v 26 6
v 27 6
v 28 9
v 29 9
v 30 6
v 31 6
v 32 6
v 33 6
v 34 6
v 35 6
v 36 7
v 37 5
v 38 5
v 39 5
v 40 6
e 0 1 1
e 1 2 2
e 2 3 1
e 3 4 2
e 4 5 1
e 5 6 2
e 6 7 1
e 7 8 2
e 8 9 1
e 9 10 2
e 10 11 1
e 11 12 2
e 7 12 1
e 10 13 1
e 13 14 2
e 14 15 1
e 15 16 2
e 16 17 1
e 17 18 2
e 18 19 1
e 18 20 1
e 20 21 2
e 15 21 1
e 22 23 2
e 17 23 1
e 23 24 1
e 25 26 1
e 4 26 1
e 26 27 2
e 1 27 1
e 2 28 1
e 28 29 2
e 29 30 1
e 30 31 2
e 31 32 1
e 32 33 2
e 33 34 1
e 34 35 2
e 30 35 1
e 32 36 1
e 36 37 2
e 36 38 2
e 31 40 1
e 36 39 1
t # 24
v 0 6
v 1 6
v 2 9
v 3 7
v 4 7
v 5 6
v 6 6
v 7 9
v 8 5
v 9 5
e 0 1 1
e 1 2 1
e 0 3 1
e 3 4 1
e 4 5 1
e 5 6 1
e 6 7 1
e 6 8 2
e 1 9 2
t # 25
v 0 5
v 1 7
v 2 5
v 3 6
v 4 6
v 5 6
v 6 6
v 7 6
v 8 6
v 9 9
v 10 9
v 11 6
v 12 6
v 13 6
v 14 6
v 15 5
v 16 6
v 17 6
v 18 5
v 19 6
v 20 5
v 21 6
v 22 6
v 23 6
v 24 6
v 25 6
v 26 6
v 27 6
v 28 6
v 29 9
v 30 9
v 31 5
v 32 6
v 33 6
v 34 6
v 35 6
v 36 6
v 37 6
v 38 5
v 39 6
v 40 5
v 41 7
v 42 5
v 43 5
v 44 5
v 45 5
e 0 1 2
e 1 2 2
e 1 3 1
e 3 4 2
e 4 5 1
e 5 6 2
e 6 7 1
e 7 8 2
e 3 8 1
e 7 9 1
e 9 10 2
e 10 11 1
e 11 12 2
e 12 13 1
e 13 14 2
e 14 15 1
e 14 16 1
e 16 17 2
e 11 17 1
e 18 19 2
e 13 19 1
e 19 20 1
e 4 21 1
e 21 22 2
e 22 23 1
e 23 24 2
e 24 25 1
e 25 26 2
e 26 27 1
e 27 28 2
e 23 28 1
e 26 29 1
e 29 30 2
e 31 32 1
e 32 33 2
e 33 34 1
e 34 35 2
e 30 35 1
e 32 36 1
e 36 37 2
e 35 37 1
e 38 39 2
e 33 39 1
e 39 40 1
e 24 41 1
e 41 42 2
e 41 43 2
e 1 45 1
e 41 44 1
t # 26
v 0 5
v 1 6
v 2 9
v 3 6
v 4 6
v 5 6
v 6 6
v 7 6
v 8 6
v 9 7
v 10 5
v 11 5
v 12 5
v 13 7
v 14 6
v 15 6
v 16 5
v 17 5
v 18 5
v 19 6
v 20 6
v 21 7
v 22 5
v 23 5
v 24 5
v 25 6
v 26 9
v 27 6
v 28 6
v 29 6
v 30 5
v 31 6
v 32 9
v 33 6
v 34 6
v 35 6
v 36 9
v 37 6
v 38 6
v 39 6
v 40 6
v 41 9
v 42 6
v 43 6
v 44 6
v 45 6
v 46 9
v 47 6
v 48 6
v 49 6
v 50 6
v 51 7
v 52 5
v 53 5
v 54 5
v 55 6
v 56 6
v 57 7
v 58 6
v 59 6
v 60 5
v 61 5
v 62 5
v 63 6
v 64 6
v 65 7
v 66 5
v 67 5
v 68 5
v 69 5
v 70 6
v 71 6
v 72 6
v 73 6
v 74 5
v 75 6
v 76 6
v 77 6
v 78 5
v 79 6
v 80 6
v 81 6
v 82 6
v 83 6
v 84 6
v 85 6
e 0 1 2
e 1 2 1
e 2 3 1
e 3 4 2
e 4 5 1
e 5 6 2
e 6 7 1
e 7 8 2
e 3 8 1
e 6 9 1
e 9 10 2
e 9 11 2
e 13 14 1
e 14 15 2
e 5 15 1
e 13 16 2
e 13 17 2
e 14 19 1
e 19 20 2
e 4 20 1
e 20 21 1
e 21 22 2
e 21 23 2
e 25 26 1
e 26 27 1
e 27 28 2
e 28 29 1
e 1 29 1
e 25 30 2
e 31 32 1
e 32 33 1
e 33 34 2
e 34 35 1
e 25 35 1
e 31 36 1
e 36 37 1
e 37 38 2
e 38 39 1
e 39 40 1
e 40 41 1
e 41 42 1
e 42 43 2
e 43 44 1
e 44 45 1
e 45 46 1
e 46 47 1
e 47 48 2
e 48 49 1
e 49 50 2
e 50 51 1
e 51 52 2
e 51 53 2
e 50 55 1
e 55 56 2
e 47 56 1
e 57 58 1
e 58 59 2
e 49 59 1
e 57 60 2
e 57 61 2
e 58 63 1
e 63 64 2
e 48 64 1
e 64 65 1
e 65 66 2
e 65 67 2
e 45 69 2
e 44 70 2
e 70 71 1
e 71 72 2
e 42 72 1
e 72 73 1
e 40 74 2
e 39 75 2
e 75 76 1
e 76 77 2
e 37 77 1
e 31 78 2
e 33 79 1
e 79 80 2
e 80 81 1
e 35 81 2
e 82 83 1
e 27 83 1
e 83 84 2
e 84 85 1
e 29 85 2
e 21 24 1
e 9 12 1
e 13 18 1
e 65 68 1
e 51 54 1
e 57 62 1
t # 27
v 0 6
v 1 9
v 2 6
v 3 6
v 4 6
v 5 7
v 6 7
v 7 6
v 8 9
v 9 6
v 10 6
v 11 6
v 12 6
v 13 6
v 14 6
v 15 9
v 16 9
v 17 6
v 18 6
v 19 6
e 0 1 1
e 1 2 1
e 2 3 2
e 3 4 1
e 0 5 1
e 5 6 1
e 6 7 1
e 7 8 2
e 8 9 1
e 9 10 2
e 10 11 1
e 11 12 2
e 12 13 1
e 13 14 2
e 9 14 1
e 14 15 1
e 7 15 1
e 0 16 2
e 16 17 1
e 2 17 1
e 17 18 2
e 18 19 1
e 4 19 2
t # 28
v 0 5
v 1 6
v 2 6
v 3 6
v 4 6
v 5 5
v 6 6
v 7 6
v 8 6
v 9 6
v 10 6
v 11 6
v 12 6
v 13 6
v 14 6
v 15 6
v 16 7
e 0 1 2
e 1 2 1
e 2 3 2
e 3 4 1
e 4 5 2
e 4 6 1
e 6 7 2
e 1 7 1
e 7 8 1
e 8 9 2
e 9 10 1
e 10 11 2
e 6 11 1
e 3 12 1
e 12 13 2
e 13 14 1
e 14 15 2
e 2 15 1
e 15 16 1
t # 29
v 0 9
v 1 6
v 2 6
v 3 6
v 4 6
v 5 6
v 6 6
v 7 5
v 8 6
v 9 5
v 10 7
v 11 7
v 12 6
v 13 6
v 14 6
v 15 6
v 16 6
v 17 5
v 18 5
v 19 6
v 20 6
v 21 9
e 0 1 1
e 1 2 2
e 2 3 1
e 3 4 2
e 4 5 1
e 5 6 2
e 1 6 1
e 7 8 2
e 5 8 1
e 8 9 1
e 2 10 1
e 10 11 1
e 11 12 1
e 12 13 2
e 13 14 1
e 14 15 2
e 15 16 1
e 16 17 2
e 16 18 1
e 15 19 1
e 19 20 2
e 12 20 1
e 13 21 1
t # 30
v 0 5
v 1 6
v 2 6
v 3 6
v 4 6
v 5 6
v 6 6
v 7 6
v 8 6
v 9 7
v 10 7
v 11 6
v 12 6
v 13 6
v 14 6
v 15 6
v 16 6
v 17 5
v 18 5
v 19 6
v 20 6
v 21 5
e 0 1 2
e 1 2 1
e 2 3 1
e 3 4 2
e 4 5 1
e 5 6 2
e 6 7 1
e 7 8 2
e 3 8 1
e 6 9 1
e 9 10 1
e 10 11 1
e 11 12 2
e 12 13 1
e 13 14 2
e 14 15 1
e 15 16 1
e 16 17 2
e 16 18 1
e 14 19 1
e 19 20 2
e 11 20 1
e 1 21 1
t # 31
v 0 6
v 1 6
v 2 9
v 3 6
v 4 6
v 5 6
v 6 6
v 7 6
v 8 6
v 9 7
v 10 7
v 11 6
v 12 6
v 13 6
v 14 6
v 15 6
v 16 6
v 17 9
v 18 5
e 0 1 1
e 1 2 1
e 2 3 1
e 3 4 2
e 4 5 1
e 5 6 2
e 6 7 1
e 7 8 2
e 3 8 1
e 10 11 1
e 11 12 2
e 12 13 1
e 13 14 2
e 14 15 1
e 15 16 2
e 11 16 1
e 16 17 1
e 1 18 2
e 6 9 1
e 9 17 2
e 9 10 1
t # 32
v 0 6
v 1 6
v 2 6
v 3 6
v 4 5
v 5 6
v 6 5
v 7 7
v 8 6
v 9 5
v 10 5
v 11 5
v 12 6
v 13 6
v 14 6
v 15 6
v 16 6
v 17 6
v 18 6
v 19 6
v 20 6
v 21 7
v 22 5
v 23 5
v 24 5
e 0 1 1
e 1 2 1
e 2 3 2
e 3 4 1
e 0 5 2
e 5 6 1
e 7 8 1
e 5 8 1
e 7 9 2
e 7 10 2
e 8 12 2
e 12 13 1
e 13 14 2
e 0 14 1
e 13 15 1
e 16 17 1
e 17 18 2
e 2 18 1
e 17 19 1
e 19 20 2
e 3 20 1
e 20 21 1
e 21 22 2
e 21 23 2
e 21 24 1
e 7 11 1
t # 33
v 0 5
v 1 6
v 2 6
v 3 6
v 4 6
v 5 6
v 6 6
v 7 6
v 8 5
v 9 5
v 10 6
v 11 5
v 12 6
v 13 6
v 14 5
v 15 6
v 16 6
v 17 5
v 18 5
v 19 6
v 20 5
v 21 6
v 22 5
v 23 6
v 24 6
v 25 5
v 26 6
v 27 6
v 28 6
v 29 5
v 30 5
v 31 5
v 32 6
v 33 6
v 34 5
v 35 6
v 36 6
v 37 6
v 38 6
v 39 5
v 40 6
v 41 6
v 42 6
e 0 1 2
e 1 2 1
e 2 3 2
e 3 4 1
e 4 5 2
e 5 6 1
e 6 7 2
e 2 7 1
e 7 8 1
e 5 9 1
e 10 9 1
e 10 11 1
e 11 12 1
e 12 13 1
e 13 14 1
e 15 14 1
e 15 16 1
e 16 17 1
e 19 18 1
e 16 19 1
e 21 20 1
e 19 21 1
e 15 22 1
e 22 23 1
e 21 23 1
e 23 24 1
e 26 25 1
e 12 26 1
e 26 27 1
e 27 28 1
e 10 28 1
e 28 29 1
e 27 30 1
e 3 31 1
e 31 32 1
e 32 33 1
e 1 33 1
e 34 35 1
e 35 36 2
e 36 37 1
e 32 37 1
e 38 39 1
e 39 40 1
e 35 40 1
e 40 41 2
e 41 42 1
e 37 42 2
t # 34
v 0 6
v 1 9
v 2 6
v 3 6
v 4 5
v 5 6
v 6 6
v 7 6
v 8 6
v 9 6
v 10 6
v 11 9
v 12 6
v 13 5
v 14 6
v 15 6
v 16 6
v 17 6
v 18 6
v 19 9
v 20 5
v 21 6
v 22 6
e 0 1 1
e 1 2 1
e 2 3 2
e 3 4 1
e 3 5 1
e 5 6 2
e 6 7 1
e 7 8 2
e 8 9 1
e 9 10 2
e 5 10 1
e 6 11 1
e 11 12 2
e 2 12 1
e 12 13 1
e 14 15 1
e 15 16 2
e 16 17 1
e 17 18 2
e 1 18 1
e 14 19 1
e 14 20 2
e 15 21 1
e 21 22 2
e 18 22 1
t # 35
v 0 5
v 1 6
v 2 6
v 3 6
v 4 9
v 5 6
v 6 6
v 7 9
v 8 9
v 9 6
v 10 6
v 11 6
v 12 6
v 13 6
v 14 6
v 15 6
v 16 5
v 17 6
v 18 5
v 19 5
v 20 6
v 21 6
v 22 6
v 23 6
e 0 1 1
e 1 2 2
e 2 3 1
e 3 4 2
e 4 5 1
e 5 6 2
e 1 6 1
e 6 7 1
e 7 8 2
e 8 9 1
e 9 10 2
e 10 11 1
e 11 12 2
e 12 13 1
e 13 14 2
e 9 14 1
e 15 16 1
e 13 16 1
e 17 18 1
e 10 18 1
e 5 19 1
e 3 20 1
e 20 21 2
e 21 22 1
e 22 23 2
e 2 23 1
t # 36
v 0 5
v 1 6
v 2 6
v 3 6
v 4 6
v 5 6
v 6 6
v 7 9
v 8 9
v 9 6
v 10 6
v 11 6
v 12 6
v 13 6
v 14 6
v 15 6
v 16 6
v 17 7
v 18 5
v 19 5
v 20 5
v 21 5
v 22 6
v 23 6
v 24 7
v 25 5
v 26 5
v 27 5
v 28 5
v 29 6
v 30 9
v 31 6
v 32 6
v 33 6
v 34 6
v 35 6
v 36 6
v 37 6
v 38 6
v 39 6
v 40 6
e 0 1 1
e 1 2 2
e 2 3 1
e 3 4 2
e 4 5 1
e 5 6 2
e 1 6 1
e 6 7 1
e 7 8 2
e 8 9 1
e 9 10 2
e 10 11 1
e 11 12 2
e 12 13 1
e 13 14 2
e 14 15 1
e 15 16 2
e 11 16 1
e 15 17 1
e 17 18 2
e 17 19 2
e 13 21 1
e 12 22 1
e 22 23 2
e 9 23 1
e 5 24 1
e 24 25 2
e 24 26 2
e 28 29 2
e 29 30 1
e 30 31 1
e 31 32 2
e 3 32 1
e 29 33 1
e 33 34 2
e 34 35 1
e 35 36 2
e 36 37 1
e 37 38 2
e 33 38 1
e 31 39 1
e 39 40 2
e 2 40 1
e 24 27 1
e 17 20 1
t # 37
v 0 5
v 1 7
v 2 5
v 3 6
v 4 6
v 5 6
v 6 6
v 7 5
v 8 9
v 9 6
v 10 9
v 11 6
v 12 6
v 13 6
v 14 6
v 15 6
v 16 9
v 17 6
v 18 6
v 19 6
v 20 6
v 21 6
v 22 6
v 23 9
v 24 9
v 25 6
v 26 6
v 27 6
v 28 6
v 29 7
v 30 5
v 31 5
v 32 5
v 33 6
v 34 6
v 35 5
v 36 6
v 37 6
v 38 6
v 39 6
v 40 6
v 41 6
v 42 6
v 43 5
e 0 1 2
e 1 2 2
e 1 3 1
e 3 4 2
e 4 5 1
e 5 6 1
e 6 7 1
e 8 9 1
e 6 9 2
e 8 10 2
e 10 11 1
e 11 12 2
e 12 13 1
e 13 14 2
e 14 15 1
e 15 16 1
e 16 17 1
e 17 18 2
e 18 19 1
e 19 20 2
e 20 21 1
e 21 22 2
e 17 22 1
e 20 23 1
e 23 24 2
e 24 25 1
e 25 26 2
e 26 27 1
e 27 28 2
e 28 29 1
e 29 30 2
e 29 31 2
e 28 33 1
e 33 34 2
e 25 34 1
e 15 35 2
e 14 36 1
e 36 37 2
e 11 37 1
e 9 38 1
e 38 39 2
e 4 39 1
e 5 40 2
e 40 41 1
e 41 42 2
e 3 42 1
e 1 43 1
e 29 32 1
t # 38
v 0 5
v 1 6
v 2 6
v 3 6
v 4 6
v 5 6
v 6 6
v 7 9
v 8 9
v 9 6
v 10 6
v 11 6
v 12 6
v 13 7
v 14 6
v 15 6
v 16 5
v 17 5
v 18 5
v 19 6
v 20 6
v 21 6
v 22 6
v 23 7
v 24 5
v 25 5
v 26 5
v 27 9
v 28 6
v 29 6
v 30 9
v 31 9
v 32 6
v 33 6
v 34 6
v 35 6
v 36 6
v 37 5
v 38 6
v 39 6
v 40 6
v 41 6
v 42 9
v 43 6
v 44 6
v 45 6
v 46 6
v 47 6
v 48 6
v 49 6
e 0 1 1
e 1 2 2
e 2 3 1
e 3 4 2
e 4 5 1
e 5 6 2
e 1 6 1
e 6 7 1
e 7 8 2
e 8 9 1
e 9 10 2
e 10 11 1
e 11 12 2
e 13 14 1
e 14 15 2
e 12 15 1
e 13 16 2
e 13 17 2
e 14 19 1
e 19 20 2
e 11 20 1
e 12 21 1
e 21 22 2
e 9 22 1
e 5 23 1
e 23 24 2
e 23 25 2
e 27 28 1
e 28 29 2
e 3 29 1
e 27 30 2
e 31 32 1
e 32 33 2
e 33 34 1
e 34 35 2
e 30 35 1
e 31 36 1
e 36 37 2
e 36 38 1
e 38 39 2
e 39 40 1
e 40 41 2
e 41 42 1
e 41 43 1
e 43 44 2
e 38 44 1
e 32 45 1
e 45 46 2
e 35 46 1
e 34 47 1
e 28 48 1
e 48 49 2
e 2 49 1
e 23 26 1
e 13 18 1
t # 39
v 0 5
v 1 7
v 2 5
v 3 6
v 4 6
v 5 6
v 6 6
v 7 6
v 8 6
v 9 10
v 10 9
v 11 6
v 12 5
v 13 9
v 14 6
v 15 9
v 16 6
v 17 6
v 18 6
v 19 6
v 20 5
v 21 7
v 22 5
v 23 5
v 24 6
v 25 6
v 26 6
v 27 6
v 28 6
v 29 6
v 30 6
v 31 6
v 32 6
v 33 6
v 34 9
v 35 6
v 36 5
e 0 1 2
e 1 2 2
e 1 3 1
e 3 4 2
e 4 5 1
e 5 6 2
e 6 7 1
e 7 8 2
e 3 8 1
e 7 9 1
e 4 10 1
e 10 11 1
e 11 12 2
e 14 13 1
e 11 14 1
e 13 15 2
e 15 16 1
e 16 17 2
e 17 18 1
e 18 19 2
e 19 20 1
e 20 21 1
e 21 22 2
e 21 23 2
e 21 24 1
e 24 25 2
e 25 26 1
e 26 27 2
e 27 28 1
e 27 29 1
e 29 30 2
e 24 30 1
e 19 31 1
e 31 32 2
e 16 32 1
e 14 33 1
e 33 34 2
e 10 34 1
e 33 35 1
e 1 36 1
t # 40
v 0 6
v 1 7
v 2 5
v 3 6
v 4 9
v 5 6
v 6 6
v 7 6
v 8 6
v 9 6
v 10 6
v 11 6
v 12 6
v 13 6
v 14 6
v 15 6
v 16 6
v 17 6
v 18 6
v 19 9
v 20 9
v 21 6
v 22 6
v 23 6
v 24 6
v 25 6
v 26 6
v 27 7
v 28 5
v 29 5
v 30 5
v 31 7
v 32 6
v 33 6
v 34 5
v 35 5
v 36 5
v 37 6
v 38 6
v 39 5
v 40 5
v 41 5
e 0 1 1
e 1 2 2
e 3 4 1
e 4 5 1
e 5 6 2
e 0 6 1
e 3 7 2
e 7 8 1
e 8 9 2
e 9 10 1
e 10 11 2
e 3 11 1
e 5 12 1
e 12 13 2
e 13 14 1
e 14 15 2
e 6 15 1
e 15 16 1
e 16 17 2
e 17 18 1
e 0 18 2
e 14 19 1
e 19 20 2
e 20 21 1
e 21 22 2
e 22 23 1
e 23 24 2
e 24 25 1
e 25 26 2
e 21 26 1
e 25 27 1
e 27 28 2
e 27 29 2
e 31 32 1
e 32 33 2
e 23 33 1
e 31 34 2
e 31 35 2
e 32 37 1
e 37 38 2
e 22 38 1
e 38 39 1
e 1 40 2
e 1 41 1
e 27 30 1
e 31 36 1
t # 41
v 0 5
v 1 6
v 2 6
v 3 6
v 4 6
v 5 9
v 6 9
v 7 6
v 8 6
v 9 6
v 10 6
v 11 6
v 12 6
v 13 9
v 14 5
v 15 5
v 16 9
v 17 5
v 18 5
v 19 5
v 20 6
v 21 6
v 22 9
v 23 9
v 24 9
v 25 6
v 26 6
v 27 6
v 28 6
v 29 5
v 30 5
v 31 6
v 32 6
v 33 5
v 34 9
v 35 9
v 36 6
v 37 6
v 38 6
v 39 6
v 40 6
v 41 6
v 42 7
v 43 5
v 44 5
v 45 5
v 46 7
v 47 6
v 48 6
v 49 5
v 50 5
v 51 5
v 52 6
v 53 6
v 54 5
e 0 1 1
e 1 2 2
e 2 3 1
e 3 4 2
e 4 5 1
e 5 6 2
e 6 7 1
e 7 8 2
e 8 9 1
e 9 10 2
e 10 11 1
e 11 12 2
e 7 12 1
e 11 13 1
e 13 14 2
e 13 15 1
e 9 16 1
e 16 17 2
e 16 18 1
e 8 19 1
e 4 20 1
e 20 21 2
e 1 21 1
e 21 22 1
e 22 23 2
e 24 25 1
e 25 26 2
e 26 27 1
e 27 28 2
e 23 28 1
e 24 29 2
e 24 30 1
e 25 31 1
e 31 32 2
e 28 32 1
e 20 33 1
e 2 34 1
e 34 35 2
e 35 36 1
e 36 37 2
e 37 38 1
e 38 39 2
e 39 40 1
e 40 41 2
e 36 41 1
e 40 42 1
e 42 43 2
e 42 44 2
e 46 47 1
e 47 48 2
e 38 48 1
e 46 49 2
e 46 50 2
e 47 52 1
e 52 53 2
e 37 53 1
e 53 54 1
e 42 45 1
e 46 51 1
t # 42
v 0 6
v 1 6
v 2 6
v 3 6
v 4 6
v 5 6
v 6 6
v 7 9
v 8 9
v 9 9
v 10 6
v 11 6
v 12 6
v 13 6
v 14 6
v 15 6
v 16 6
v 17 7
v 18 5
v 19 5
v 20 5
v 21 9
v 22 6
v 23 6
v 24 6
v 25 6
v 26 9
v 27 6
v 28 9
v 29 6
v 30 6
v 31 6
v 32 6
v 33 5
v 34 6
v 35 6
v 36 5
v 37 6
v 38 5
v 39 6
v 40 6
e 0 1 1
e 1 2 2
e 2 3 1
e 3 4 2
e 4 5 1
e 5 6 2
e 1 6 1
e 6 7 1
e 7 8 2
e 9 10 1
e 10 11 2
e 11 12 1
e 12 13 2
e 13 14 1
e 14 15 2
e 8 15 1
e 10 15 1
e 11 16 1
e 13 17 1
e 17 18 2
e 17 19 2
e 14 21 1
e 22 23 1
e 23 24 2
e 24 25 1
e 3 25 1
e 26 27 1
e 23 27 1
e 26 28 2
e 28 29 1
e 29 30 2
e 30 31 1
e 31 32 2
e 32 33 1
e 32 34 1
e 34 35 2
e 29 35 1
e 36 37 2
e 31 37 1
e 37 38 1
e 27 39 2
e 39 40 1
e 25 40 2
e 17 20 1
t # 43
v 0 6
v 1 7
v 2 5
v 3 6
v 4 9
v 5 6
v 6 6
v 7 6
v 8 6
v 9 6
v 10 6
v 11 6
v 12 6
v 13 6
v 14 6
v 15 6
v 16 6
v 17 6
v 18 6
v 19 9
v 20 9
v 21 6
v 22 6
v 23 6
v 24 6
v 25 6
v 26 6
v 27 9
v 28 9
v 29 6
v 30 6
v 31 6
v 32 6
v 33 6
v 34 6
v 35 7
v 36 5
v 37 5
v 38 5
v 39 6
v 40 6
v 41 6
v 42 6
v 43 5
v 44 5
e 0 1 1
e 1 2 2
e 3 4 1
e 4 5 1
e 5 6 2
e 0 6 1
e 3 7 2
e 7 8 1
e 8 9 2
e 9 10 1
e 10 11 2
e 3 11 1
e 5 12 1
e 12 13 2
e 13 14 1
e 14 15 2
e 6 15 1
e 15 16 1
e 16 17 2
e 17 18 1
e 0 18 2
e 14 19 1
e 19 20 2
e 20 21 1
e 21 22 2
e 22 23 1
e 23 24 2
e 24 25 1
e 25 26 2
e 21 26 1
e 24 27 1
e 27 28 2
e 28 29 1
e 29 30 2
e 30 31 1
e 31 32 2
e 32 33 1
e 33 34 2
e 29 34 1
e 31 35 1
e 35 36 2
e 35 37 2
e 23 39 1
e 39 40 2
e 40 41 1
e 41 42 2
e 22 42 1
e 1 43 2
e 1 44 1
e 35 38 1
t # 44
v 0 5
v 1 6
v 2 6
v 3 6
v 4 6
v 5 6
v 6 6
v 7 9
v 8 9
v 9 6
v 10 6
v 11 6
v 12 6
v 13 6
v 14 6
v 15 7
v 16 5
v 17 5
v 18 5
v 19 5
v 20 6
v 21 9
v 22 6
v 23 6
v 24 9
v 25 6
v 26 6
v 27 6
v 28 6
v 29 6
v 30 5
v 31 9
v 32 6
v 33 9
v 34 6
v 35 6
v 36 6
v 37 6
v 38 6
v 39 6
v 40 6
v 41 6
v 42 7
v 43 5
v 44 5
v 45 5
v 46 6
v 47 6
v 48 6
v 49 6
e 0 1 1
e 1 2 2
e 2 3 1
e 3 4 2
e 4 5 1
e 5 6 2
e 1 6 1
e 6 7 1
e 7 8 2
e 8 9 1
e 9 10 2
e 10 11 1
e 11 12 2
e 12 13 1
e 13 14 2
e 9 14 1
e 5 15 1
e 15 16 2
e 15 17 2
e 19 20 2
e 20 21 1
e 21 22 1
e 22 23 2
e 3 23 1
e 20 24 1
e 24 25 1
e 25 26 2
e 26 27 1
e 27 28 2
e 28 29 1
e 29 30 1
e 31 32 1
e 29 32 2
e 31 33 2
e 33 34 1
e 34 35 2
e 35 36 1
e 36 37 2
e 37 38 1
e 38 39 2
e 34 39 1
e 32 40 1
e 40 41 2
e 27 41 1
e 40 42 1
e 42 43 2
e 42 44 2
e 28 46 1
e 46 47 2
e 25 47 1
e 22 48 1
e 48 49 2
e 2 49 1
e 15 18 1
e 42 45 1
t # 45
v 0 9
v 1 6
v 2 6
v 3 6
v 4 6
v 5 6
v 6 6
v 7 6
v 8 6
v 9 6
v 10 6
v 11 6
v 12 6
v 13 9
v 14 6
v 15 7
v 16 6
v 17 6
v 18 9
v 19 6
v 20 6
v 21 6
v 22 5
v 23 5
v 24 5
v 25 6
v 26 6
v 27 6
v 28 6
v 29 6
v 30 6
v 31 6
v 32 6
v 33 6
v 34 9
v 35 6
v 36 7
v 37 6
v 38 5
v 39 5
v 40 5
v 41 6
v 42 6
v 43 6
v 44 6
v 45 6
e 0 1 1
e 0 2 1
e 1 3 2
e 1 4 1
e 2 5 2
e 2 6 1
e 3 7 1
e 4 8 2
e 4 9 1
e 5 10 1
e 6 11 2
e 7 12 2
e 7 13 1
e 8 14 1
e 9 15 1
e 9 16 2
e 10 17 2
e 12 18 1
e 13 19 2
e 13 20 1
e 14 21 2
e 15 22 2
e 15 23 2
e 15 24 1
e 18 25 2
e 19 26 1
e 20 27 2
e 20 28 1
e 25 29 1
e 26 30 2
e 27 31 1
e 28 32 2
e 29 33 2
e 30 34 1
e 31 35 2
e 33 36 1
e 34 37 1
e 36 38 2
e 36 39 2
e 36 40 1
e 37 41 2
e 37 42 1
e 41 43 1
e 42 44 2
e 43 45 2
e 8 12 1
e 11 17 1
e 16 21 1
e 19 25 1
e 30 33 1
e 32 35 1
e 44 45 1
t # 46
v 0 7
v 1 6
v 2 6
v 3 6
v 4 6
v 5 6
v 6 9
v 7 5
v 8 5
v 9 5
v 10 6
v 11 6
v 12 5
v 13 9
v 14 9
v 15 6
v 16 6
v 17 6
v 18 6
v 19 9
v 20 9
v 21 9
v 22 6
v 23 6
v 24 6
v 25 6
v 26 6
v 27 6
v 28 9
v 29 6
v 30 6
v 31 6
v 32 6
v 33 6
v 34 9
v 35 9
v 36 6
v 37 6
v 38 6
v 39 6
v 40 6
v 41 6
v 42 9
v 43 9
v 44 9
v 45 6
v 46 6
v 47 6
v 48 6
v 49 6
v 50 6
v 51 9
v 52 7
v 53 5
v 54 5
v 55 5
e 0 1 1
e 1 2 2
e 2 3 1
e 3 4 1
e 4 5 2
e 5 6 1
e 0 7 2
e 0 8 2
e 1 10 1
e 10 11 2
e 4 11 1
e 11 12 1
e 10 13 1
e 13 14 2
e 14 15 1
e 15 16 2
e 16 17 1
e 17 18 2
e 18 19 1
e 19 20 2
e 21 22 1
e 22 23 2
e 23 24 1
e 24 25 2
e 20 25 1
e 22 26 1
e 26 27 2
e 25 27 1
e 24 28 1
e 18 29 1
e 29 30 2
e 15 30 1
e 3 31 2
e 31 32 1
e 32 33 2
e 5 33 1
e 33 34 1
e 34 35 2
e 35 36 1
e 36 37 2
e 37 38 1
e 38 39 2
e 39 40 1
e 40 41 2
e 36 41 1
e 39 42 1
e 42 43 2
e 44 45 1
e 45 46 2
e 46 47 1
e 47 48 2
e 43 48 1
e 45 49 1
e 49 50 2
e 48 50 1
e 47 51 1
e 32 52 1
e 52 53 2
e 52 54 2
e 52 55 1
e 0 9 1
t # 47
v 0 5
v 1 7
v 2 5
v 3 6
v 4 6
v 5 6
v 6 6
v 7 6
v 8 6
v 9 6
v 10 7
v 11 5
v 12 5
v 13 5
v 14 6
v 15 6
v 16 6
v 17 9
v 18 9
v 19 9
v 20 6
v 21 6
v 22 6
v 23 6
v 24 6
v 25 9
v 26 6
v 27 6
v 28 6
v 29 6
v 30 9
v 31 6
v 32 9
v 33 6
v 34 6
v 35 6
v 36 6
v 37 6
v 38 6
v 39 6
v 40 6
v 41 7
v 42 5
v 43 5
v 44 5
v 45 6
v 46 6
v 47 7
v 48 5
v 49 5
v 50 5
v 51 6
v 52 6
v 53 5
v 54 6
v 55 6
v 56 6
v 57 5
e 0 1 2
e 1 2 2
e 1 3 1
e 3 4 2
e 4 5 1
e 5 6 1
e 6 7 2
e 7 8 1
e 8 9 2
e 4 9 1
e 6 10 1
e 10 11 2
e 10 12 2
e 5 14 2
e 14 15 1
e 15 16 2
e 3 16 1
e 15 17 1
e 17 18 2
e 19 20 1
e 20 21 2
e 21 22 1
e 22 23 2
e 18 23 1
e 24 25 1
e 25 26 1
e 19 26 1
e 27 28 1
e 28 29 2
e 24 29 1
e 30 31 1
e 28 31 1
e 30 32 2
e 32 33 1
e 33 34 2
e 34 35 1
e 35 36 2
e 36 37 1
e 37 38 2
e 38 39 1
e 39 40 2
e 35 40 1
e 40 41 1
e 41 42 2
e 41 43 2
e 36 45 1
e 45 46 2
e 33 46 1
e 45 47 1
e 47 48 2
e 47 49 2
e 31 51 2
e 51 52 1
e 24 52 2
e 26 53 2
e 20 54 1
e 54 55 2
e 23 55 1
e 22 56 1
e 1 57 1
e 10 13 1
e 47 50 1
e 41 44 1
t # 48
v 0 6
v 1 6
v 2 6
v 3 6
v 4 6
v 5 6
v 6 6
v 7 6
v 8 6
v 9 6
v 10 6
v 11 6
v 12 6
v 13 6
v 14 6
v 15 6
v 16 6
v 17 6
v 18 6
v 19 9
v 20 9
v 21 6
v 22 6
v 23 6
v 24 6
v 25 6
v 26 6
v 27 6
v 28 6
v 29 6
v 30 6
v 31 6
v 32 6
v 33 6
v 34 6
v 35 6
v 36 6
v 37 7
v 38 6
v 39 7
v 40 6
v 41 5
v 42 5
v 43 5
v 44 5
v 45 5
v 46 5
e 0 1 1
e 0 2 2
e 0 3 1
e 1 4 2
e 1 5 1
e 2 6 1
e 2 7 1
e 3 8 2
e 3 9 1
e 4 10 1
e 5 11 2
e 6 12 2
e 7 13 2
e 8 14 1
e 9 15 2
e 10 16 2
e 12 17 1
e 14 18 2
e 16 19 1
e 17 20 2
e 19 21 1
e 19 22 1
e 20 23 1
e 20 24 1
e 21 25 1
e 22 26 1
e 23 27 1
e 24 28 1
e 25 29 2
e 25 30 1
e 27 31 2
e 27 32 1
e 29 33 1
e 30 34 2
e 31 35 1
e 32 36 2
e 33 37 1
e 33 38 2
e 35 39 1
e 35 40 2
e 37 41 2
e 37 42 2
e 37 43 1
e 39 44 2
e 39 45 2
e 39 46 1
e 11 16 1
e 13 17 1
e 15 18 1
e 34 38 1
e 36 40 1
t # 49
v 0 5
v 1 6
v 2 6
v 3 6
v 4 6
v 5 5
v 6 6
v 7 6
v 8 6
v 9 6
v 10 6
v 11 6
v 12 6
v 13 6
v 14 5
v 15 6
v 16 6
v 17 6
v 18 6
v 19 6
e 0 1 2
e 1 2 1
e 2 3 2
e 3 4 1
e 5 6 1
e 6 7 2
e 4 7 1
e 6 8 1
e 8 9 2
e 9 10 1
e 4 10 2
e 11 12 1
e 12 13 2
e 1 13 1
e 14 15 1
e 15 16 2
e 11 16 1
e 15 17 1
e 17 18 2
e 18 19 1
e 11 19 2
t # 50
v 0 6
v 1 6
v 2 9
v 3 6
v 4 6
v 5 6
v 6 6
v 7 6
v 8 6
v 9 9
v 10 5
v 11 6
v 12 7
v 13 6
v 14 6
v 15 6
v 16 6
v 17 6
e 0 1 1
e 2 3 2
e 3 4 1
e 1 4 2
e 3 5 1
e 5 6 2
e 6 7 1
e 7 8 2
e 4 8 1
e 11 12 1
e 12 13 1
e 13 14 1
e 14 15 1
e 15 16 1
e 9 17 1
e 11 17 1
e 1 9 1
e 9 10 2
e 2 17 1
t # 51
v 0 6
v 1 6
v 2 9
v 3 6
v 4 6
v 5 6
v 6 6
v 7 6
v 8 6
v 9 9
v 10 5
v 11 6
v 12 6
v 13 6
v 14 6
v 15 6
v 16 6
v 17 7
v 18 6
v 19 6
v 20 6
e 0 1 1
e 2 3 2
e 3 4 1
e 1 4 2
e 3 5 1
e 5 6 2
e 6 7 1
e 7 8 2
e 4 8 1
e 11 12 1
e 12 13 1
e 13 14 1
e 14 15 1
e 15 16 1
e 16 17 1
e 17 18 1
e 11 19 1
e 9 20 1
e 18 20 1
e 1 9 1
e 9 10 2
e 2 20 1
t # 52
v 0 6
v 1 6
v 2 9
v 3 6
v 4 6
v 5 6
v 6 6
v 7 6
v 8 6
v 9 9
v 10 5
v 11 6
v 12 7
v 13 6
v 14 6
v 15 6
v 16 6
v 17 6
v 18 6
v 19 9
v 20 6
e 0 1 1
e 2 3 2
e 3 4 1
e 1 4 2
e 3 5 1
e 5 6 2
e 6 7 1
e 7 8 2
e 4 8 1
e 11 12 1
e 12 13 1
e 13 14 2
e 14 15 1
e 15 16 2
e 16 17 1
e 17 18 2
e 13 18 1
e 14 19 1
e 9 20 1
e 11 20 1
e 1 9 1
e 9 10 2
e 2 20 1
t # 53
v 0 6
v 1 6
v 2 9
v 3 6
v 4 6
v 5 6
v 6 6
v 7 6
v 8 6
v 9 9
v 10 5
v 11 6
v 12 7
v 13 6
v 14 6
v 15 6
v 16 6
v 17 10
v 18 6
v 19 6
v 20 6
e 0 1 1
e 2 3 2
e 3 4 1
e 1 4 2
e 3 5 1
e 5 6 2
e 6 7 1
e 7 8 2
e 4 8 1
e 11 12 1
e 12 13 1
e 13 14 2
e 14 15 1
e 15 16 2
e 16 17 1
e 16 18 1
e 18 19 2
e 13 19 1
e 9 20 1
e 11 20 1
e 1 9 1
e 9 10 2
e 2 20 1
t # 54
v 0 6
v 1 5
v 2 6
v 3 6
v 4 6
v 5 5
v 6 6
v 7 6
v 8 5
v 9 6
v 10 6
v 11 6
v 12 6
v 13 6
v 14 6
v 15 6
v 16 5
v 17 6
v 18 6
v 19 6
v 20 6
v 21 5
v 22 6
v 23 5
e 0 1 1
e 1 2 1
e 2 3 2
e 3 4 1
e 4 5 1
e 5 6 1
e 6 7 1
e 8 9 1
e 9 10 2
e 10 11 1
e 7 11 2
e 9 12 1
e 12 13 2
e 7 13 1
e 3 14 1
e 14 15 1
e 6 15 2
e 14 16 2
e 4 17 2
e 17 18 1
e 18 19 2
e 2 19 1
e 20 21 1
e 19 21 1
e 22 23 1
e 18 23 1
t # 55
v 0 6
v 1 6
v 2 6
v 3 6
v 4 5
v 5 9
v 6 6
v 7 5
v 8 9
v 9 6
v 10 5
v 11 11
e 0 1 1
e 1 2 1
e 2 3 1
e 3 4 2
e 3 5 1
e 5 6 1
e 6 7 2
e 6 8 1
e 8 9 1
e 2 9 1
e 9 10 2
e 2 11 1
t # 56
v 0 6
v 1 9
v 2 6
v 3 6
v 4 6
v 5 6
v 6 6
v 7 6
v 8 6
e 0 1 1
e 1 2 1
e 2 3 2
e 3 4 1
e 4 5 2
e 5 6 1
e 3 7 1
e 6 7 2
e 1 8 1
t # 57
v 0 8
v 1 5
v 2 5
v 3 5
v 4 5
v 5 8
v 6 5
v 7 5
v 8 5
e 0 1 2
e 5 6 2
e 0 4 1
e 4 5 1
e 0 3 1
e 0 2 1
e 5 8 1
e 5 7 1
t # 58
v 0 6
v 1 6
v 2 6
v 3 6
v 4 6
v 5 6
v 6 6
v 7 9
v 8 6
v 9 6
v 10 6
v 11 7
v 12 6
v 13 6
v 14 6
v 15 5
v 16 5
v 17 5
v 18 6
v 19 6
v 20 6
v 21 6
v 22 6
v 23 6
v 24 6
v 25 6
v 26 9
v 27 6
v 28 6
v 29 6
v 30 7
v 31 6
v 32 5
v 33 5
v 34 5
v 35 6
v 36 6
v 37 6
v 38 6
v 39 7
v 40 6
v 41 6
v 42 5
v 43 5
v 44 5
v 45 6
v 46 9
e 0 1 1
e 1 2 1
e 2 3 2
e 3 4 1
e 4 5 1
e 6 7 1
e 7 8 1
e 8 9 2
e 9 10 1
e 0 10 2
e 11 12 1
e 12 13 2
e 13 14 1
e 6 14 2
e 11 15 2
e 11 16 2
e 12 18 1
e 18 19 2
e 6 19 1
e 8 20 1
e 20 21 2
e 0 21 1
e 1 22 2
e 22 23 1
e 23 24 2
e 24 25 1
e 25 26 2
e 26 27 1
e 27 28 2
e 28 29 1
e 30 31 1
e 29 31 2
e 30 32 2
e 30 33 2
e 31 35 1
e 35 36 2
e 27 36 1
e 25 37 1
e 37 38 2
e 22 38 1
e 39 40 1
e 40 41 2
e 2 41 1
e 39 42 2
e 39 43 2
e 40 45 1
e 4 45 2
e 45 46 1
e 39 44 1
e 11 17 1
e 30 34 1
t # 59
v 0 5
v 1 6
v 2 9
v 3 6
v 4 6
v 5 6
v 6 6
v 7 6
v 8 6
v 9 7
v 10 6
v 11 6
v 12 6
v 13 6
v 14 6
v 15 6
e 0 1 2
e 1 2 1
e 2 3 1
e 3 4 2
e 4 5 1
e 5 6 2
e 6 7 1
e 7 8 2
e 3 8 1
e 4 9 1
e 1 10 1
e 10 11 2
e 11 12 1
e 12 13 2
e 13 14 1
e 14 15 2
e 10 15 1
t # 60
v 0 7
v 1 6
v 2 6
v 3 6
v 4 6
v 5 9
v 6 9
v 7 5
v 8 5
v 9 6
v 10 6
v 11 7
v 12 7
v 13 6
v 14 6
v 15 6
v 16 6
v 17 6
v 18 6
v 19 9
v 20 9
v 21 7
v 22 5
v 23 5
e 0 1 1
e 1 2 2
e 2 3 1
e 3 4 2
e 4 5 1
e 0 6 1
e 0 7 2
e 0 8 2
e 1 9 1
e 9 10 2
e 4 10 1
e 3 11 1
e 11 12 1
e 12 13 1
e 13 14 2
e 14 15 1
e 15 16 2
e 16 17 1
e 17 18 2
e 13 18 1
e 18 19 1
e 20 21 1
e 15 21 1
e 21 22 2
e 21 23 2
t # 61
v 0 6
v 1 6
v 2 5
v 3 9
v 4 6
v 5 6
v 6 5
v 7 6
v 8 6
v 9 6
v 10 6
v 11 6
v 12 6
v 13 5
v 14 6
v 15 5
v 16 6
v 17 6
e 0 1 1
e 1 2 2
e 4 5 1
e 5 6 1
e 6 7 1
e 7 8 1
e 1 10 1
e 10 11 2
e 11 12 1
e 12 13 1
e 12 14 2
e 14 15 1
e 14 16 1
e 16 17 2
e 10 17 1
e 0 3 1
e 3 9 1
e 3 8 1
e 3 4 1
t # 62
v 0 5
v 1 6
v 2 9
v 3 6
v 4 6
v 5 6
v 6 6
v 7 6
v 8 6
v 9 6
v 10 9
v 11 6
v 12 6
v 13 9
v 14 6
v 15 9
v 16 6
v 17 6
v 18 6
v 19 9
v 20 6
v 21 6
v 22 6
v 23 6
v 24 6
v 25 9
v 26 6
v 27 6
v 28 9
v 29 6
v 30 6
v 31 7
v 32 6
v 33 6
v 34 6
e 0 1 2
e 1 2 1
e 2 3 1
e 3 4 2
e 4 5 1
e 5 6 2
e 6 7 1
e 7 8 2
e 3 8 1
e 6 9 1
e 9 10 2
e 10 11 1
e 11 12 1
e 9 13 1
e 12 13 1
e 14 15 1
e 15 16 1
e 16 17 2
e 17 18 1
e 1 18 1
e 14 19 1
e 19 20 1
e 20 21 2
e 21 22 1
e 22 23 2
e 23 24 1
e 24 25 2
e 25 26 1
e 26 27 1
e 24 28 1
e 27 28 1
e 23 29 1
e 29 30 2
e 20 30 1
e 14 31 2
e 16 32 1
e 32 33 2
e 33 34 1
e 18 34 2
t # 63
v 0 5
v 1 6
v 2 9
v 3 6
v 4 6
v 5 6
v 6 6
v 7 6
v 8 6
v 9 6
v 10 9
v 11 6
v 12 6
v 13 9
v 14 6
v 15 6
v 16 5
v 17 6
v 18 6
v 19 6
v 20 6
v 21 6
v 22 6
v 23 6
v 24 9
v 25 6
v 26 6
v 27 6
v 28 6
v 29 6
v 30 6
v 31 6
v 32 9
v 33 6
v 34 6
v 35 9
v 36 5
e 0 1 2
e 1 2 1
e 2 3 1
e 3 4 2
e 4 5 1
e 5 6 2
e 6 7 1
e 7 8 2
e 3 8 1
e 6 9 1
e 9 10 2
e 10 11 1
e 11 12 1
e 9 13 1
e 12 13 1
e 14 15 1
e 15 16 1
e 16 17 1
e 17 18 2
e 1 18 1
e 17 19 1
e 19 20 2
e 20 21 1
e 21 22 2
e 18 22 1
e 21 23 1
e 23 24 1
e 24 25 1
e 25 26 2
e 26 27 1
e 27 28 2
e 28 29 1
e 29 30 2
e 25 30 1
e 28 31 1
e 31 32 2
e 32 33 1
e 33 34 1
e 31 35 1
e 34 35 1
e 23 36 2
t # 64
v 0 5
v 1 6
v 2 9
v 3 6
v 4 6
v 5 6
v 6 6
v 7 6
v 8 6
v 9 6
v 10 9
v 11 6
v 12 6
v 13 6
v 14 6
v 15 6
v 16 6
v 17 6
v 18 9
v 19 6
v 20 6
v 21 9
v 22 5
v 23 6
v 24 9
v 25 6
v 26 6
v 27 6
v 28 6
v 29 6
v 30 6
v 31 6
v 32 9
v 33 6
v 34 6
v 35 9
v 36 5
v 37 9
v 38 6
v 39 6
v 40 6
v 41 6
v 42 9
v 43 6
v 44 9
v 45 6
v 46 6
v 47 9
v 48 6
v 49 6
v 50 6
v 51 6
v 52 6
v 53 6
v 54 9
v 55 6
v 56 6
v 57 9
v 58 6
v 59 6
v 60 5
v 61 6
v 62 6
v 63 6
v 64 6
v 65 6
v 66 9
v 67 6
v 68 6
v 69 6
v 70 6
v 71 6
v 72 6
v 73 6
v 74 9
v 75 6
v 76 6
v 77 9
v 78 5
v 79 5
v 80 6
v 81 6
e 0 1 2
e 1 2 1
e 2 3 1
e 3 4 2
e 4 5 1
e 5 6 2
e 6 7 1
e 7 8 2
e 3 8 1
e 7 9 1
e 9 10 1
e 10 11 1
e 11 12 2
e 12 13 1
e 13 14 2
e 14 15 1
e 15 16 2
e 11 16 1
e 14 17 1
e 17 18 2
e 18 19 1
e 19 20 1
e 17 21 1
e 20 21 1
e 9 22 2
e 4 23 1
e 23 24 1
e 24 25 1
e 25 26 2
e 26 27 1
e 27 28 2
e 28 29 1
e 29 30 2
e 25 30 1
e 28 31 1
e 31 32 2
e 32 33 1
e 33 34 1
e 31 35 1
e 34 35 1
e 23 36 2
e 1 37 1
e 37 38 1
e 38 39 2
e 39 40 1
e 40 41 2
e 41 42 1
e 43 44 1
e 44 45 1
e 42 45 1
e 46 47 1
e 47 48 1
e 48 49 1
e 43 49 2
e 50 51 1
e 51 52 2
e 52 53 1
e 46 53 2
e 50 54 2
e 54 55 1
e 55 56 1
e 50 57 1
e 56 57 1
e 51 58 1
e 58 59 2
e 46 59 1
e 48 60 2
e 49 61 1
e 61 62 2
e 62 63 1
e 63 64 2
e 43 64 1
e 63 65 1
e 65 66 1
e 66 67 1
e 67 68 2
e 68 69 1
e 69 70 2
e 70 71 1
e 71 72 2
e 67 72 1
e 70 73 1
e 73 74 2
e 74 75 1
e 75 76 1
e 73 77 1
e 76 77 1
e 65 78 2
e 45 79 2
e 41 80 1
e 80 81 2
e 38 81 1
t # 65
v 0 5
v 1 6
v 2 9
v 3 6
v 4 6
v 5 6
v 6 6
v 7 6
v 8 6
v 9 6
v 10 9
v 11 6
v 12 6
v 13 9
v 14 6
v 15 6
v 16 6
v 17 6
v 18 6
v 19 5
v 20 9
v 21 6
v 22 6
v 23 6
v 24 6
v 25 6
v 26 9
v 27 6
v 28 6
v 29 9
v 30 6
v 31 6
v 32 6
v 33 6
v 34 11
e 0 1 2
e 1 2 1
e 2 3 1
e 3 4 2
e 4 5 1
e 5 6 2
e 6 7 1
e 7 8 2
e 3 8 1
e 6 9 1
e 9 10 2
e 10 11 1
e 11 12 1
e 9 13 1
e 12 13 1
e 1 14 1
e 14 15 2
e 15 16 1
e 16 17 2
e 17 18 1
e 18 19 2
e 18 20 1
e 20 21 1
e 21 22 2
e 22 23 1
e 23 24 2
e 24 25 1
e 25 26 2
e 26 27 1
e 27 28 1
e 25 29 1
e 28 29 1
e 24 30 1
e 30 31 2
e 21 31 1
e 17 32 1
e 32 33 2
e 14 33 1
e 15 34 1
t # 66
v 0 5
v 1 6
v 2 9
v 3 6
v 4 6
v 5 6
v 6 6
v 7 6
v 8 6
v 9 6
v 10 9
v 11 6
v 12 6
v 13 9
v 14 6
v 15 9
v 16 6
v 17 6
v 18 6
v 19 9
v 20 6
v 21 6
v 22 6
v 23 6
v 24 6
v 25 9
v 26 6
v 27 6
v 28 9
v 29 6
v 30 6
v 31 5
v 32 6
v 33 6
v 34 6
e 0 1 2
e 1 2 1
e 2 3 1
e 3 4 2
e 4 5 1
e 5 6 2
e 6 7 1
e 7 8 2
e 3 8 1
e 6 9 1
e 9 10 2
e 10 11 1
e 11 12 1
e 9 13 1
e 12 13 1
e 14 15 1
e 15 16 1
e 16 17 2
e 17 18 1
e 1 18 1
e 14 19 1
e 19 20 1
e 20 21 2
e 21 22 1
e 22 23 2
e 23 24 1
e 24 25 2
e 25 26 1
e 26 27 1
e 24 28 1
e 27 28 1
e 23 29 1
e 29 30 2
e 20 30 1
e 14 31 2
e 16 32 1
e 32 33 2
e 33 34 1
e 18 34 2
t # 67
v 0 5
v 1 6
v 2 9
v 3 6
v 4 6
v 5 6
v 6 6
v 7 6
v 8 6
v 9 6
v 10 9
v 11 6
v 12 6
v 13 9
v 14 6
v 15 6
v 16 6
v 17 6
v 18 9
v 19 6
v 20 6
v 21 6
v 22 6
v 23 6
v 24 9
v 25 6
v 26 6
v 27 9
v 28 6
v 29 6
v 30 5
v 31 6
v 32 9
v 33 6
e 0 1 2
e 1 2 1
e 2 3 1
e 3 4 2
e 4 5 1
e 5 6 2
e 6 7 1
e 7 8 2
e 3 8 1
e 6 9 1
e 9 10 2
e 10 11 1
e 11 12 1
e 9 13 1
e 12 13 1
e 1 14 1
e 14 15 2
e 15 16 1
e 16 17 1
e 17 18 1
e 18 19 1
e 19 20 2
e 20 21 1
e 21 22 2
e 22 23 1
e 23 24 2
e 24 25 1
e 25 26 1
e 23 27 1
e 26 27 1
e 22 28 1
e 28 29 2
e 19 29 1
e 17 30 2
e 16 31 2
e 31 32 1
e 32 33 2
e 14 33 1
t # 68
v 0 6
v 1 6
v 2 9
v 3 6
v 4 6
v 5 6
v 6 6
v 7 6
v 8 6
v 9 9
v 10 5
v 11 6
v 12 7
v 13 6
v 14 6
v 15 6
v 16 6
v 17 6
v 18 6
v 19 6
v 20 6
e 0 1 1
e 2 3 2
e 3 4 1
e 1 4 2
e 3 5 1
e 5 6 2
e 6 7 1
e 7 8 2
e 4 8 1
e 11 12 1
e 12 13 1
e 13 14 2
e 14 15 1
e 15 16 1
e 15 17 2
e 17 18 1
e 18 19 2
e 13 19 1
e 9 20 1
e 11 20 1
e 1 9 1
e 9 10 2
e 2 20 1
t # 69
v 0 6
v 1 6
v 2 9
v 3 6
v 4 6
v 5 6
v 6 6
v 7 6
v 8 6
v 9 9
v 10 5
v 11 6
v 12 7
v 13 6
v 14 6
v 15 6
v 16 6
v 17 6
v 18 6
v 19 6
v 20 6
e 0 1 1
e 2 3 2
e 3 4 1
e 1 4 2
e 3 5 1
e 5 6 2
e 6 7 1
e 7 8 2
e 4 8 1
e 11 12 1
e 12 13 1
e 13 14 2
e 14 15 1
e 15 16 2
e 16 17 1
e 16 18 1
e 18 19 2
e 13 19 1
e 9 20 1
e 11 20 1
e 1 9 1
e 9 10 2
e 2 20 1
t # 70
v 0 5
v 1 9
v 2 6
v 3 6
v 4 5
v 5 6
v 6 6
v 7 6
v 8 6
v 9 6
v 10 6
v 11 6
v 12 5
v 13 6
v 14 6
v 15 6
v 16 6
v 17 6
v 18 6
e 0 1 1
e 1 2 2
e 2 3 1
e 3 4 1
e 4 5 1
e 5 6 2
e 6 7 1
e 7 8 2
e 8 9 1
e 9 10 2
e 5 10 1
e 10 11 1
e 2 11 1
e 11 12 2
e 3 13 1
e 13 14 2
e 14 15 1
e 15 16 2
e 16 17 1
e 17 18 2
e 13 18 1
t # 71
v 0 5
v 1 6
v 2 6
v 3 6
v 4 6
v 5 6
v 6 9
v 7 9
v 8 6
v 9 9
v 10 6
v 11 6
v 12 6
v 13 6
v 14 9
v 15 9
v 16 6
v 17 6
v 18 6
v 19 6
v 20 7
v 21 5
v 22 5
v 23 5
v 24 6
v 25 6
v 26 6
v 27 6
v 28 6
v 29 6
v 30 7
v 31 5
v 32 5
v 33 5
v 34 6
v 35 6
v 36 9
v 37 9
v 38 6
v 39 6
v 40 6
v 41 6
v 42 9
v 43 9
v 44 6
v 45 6
v 46 6
v 47 6
v 48 7
v 49 5
v 50 5
v 51 5
v 52 6
v 53 6
v 54 6
v 55 6
e 0 1 1
e 1 2 2
e 2 3 1
e 3 4 1
e 4 5 2
e 5 6 1
e 7 8 1
e 1 8 1
e 7 9 2
e 9 10 1
e 10 11 2
e 11 12 1
e 12 13 2
e 13 14 1
e 14 15 2
e 15 16 1
e 16 17 2
e 17 18 1
e 18 19 2
e 19 20 1
e 20 21 2
e 20 22 2
e 19 24 1
e 24 25 2
e 16 25 1
e 13 26 1
e 26 27 2
e 10 27 1
e 8 28 2
e 28 29 1
e 3 29 2
e 28 30 1
e 30 31 2
e 30 32 2
e 2 34 1
e 34 35 2
e 5 35 1
e 4 36 1
e 36 37 2
e 37 38 1
e 38 39 2
e 39 40 1
e 40 41 2
e 41 42 1
e 42 43 2
e 43 44 1
e 44 45 2
e 45 46 1
e 46 47 2
e 47 48 1
e 48 49 2
e 48 50 2
e 47 52 1
e 52 53 2
e 44 53 1
e 41 54 1
e 54 55 2
e 38 55 1
e 30 33 1
e 48 51 1
e 20 23 1
t # 72
v 0 6
v 1 7
v 2 5
v 3 9
v 4 6
v 5 9
v 6 6
v 7 6
v 8 6
v 9 6
v 10 6
v 11 9
v 12 6
v 13 6
v 14 6
v 15 6
v 16 6
v 17 6
v 18 9
v 19 9
v 20 6
v 21 6
v 22 6
v 23 6
v 24 7
v 25 5
v 26 5
v 27 5
v 28 6
v 29 6
v 30 5
v 31 6
v 32 6
v 33 5
v 34 6
v 35 9
v 36 6
v 37 6
v 38 6
v 39 6
v 40 6
v 41 6
v 42 6
v 43 6
v 44 6
v 45 6
v 46 6
v 47 6
v 48 7
v 49 5
v 50 5
v 51 5
v 52 6
v 53 5
v 54 6
v 55 5
v 56 5
e 0 1 1
e 1 2 2
e 3 4 1
e 0 4 2
e 3 5 2
e 5 6 1
e 6 7 2
e 7 8 1
e 8 9 2
e 9 10 1
e 10 11 1
e 11 12 1
e 12 13 2
e 13 14 1
e 14 15 2
e 15 16 1
e 16 17 2
e 12 17 1
e 15 18 1
e 18 19 2
e 19 20 1
e 20 21 2
e 21 22 1
e 22 23 2
e 23 24 1
e 24 25 2
e 24 26 2
e 23 28 1
e 28 29 2
e 20 29 1
e 10 30 2
e 9 31 1
e 31 32 2
e 6 32 1
e 33 34 2
e 34 35 1
e 35 36 1
e 36 37 1
e 37 38 2
e 4 38 1
e 34 39 1
e 39 40 2
e 40 41 1
e 41 42 2
e 42 43 1
e 43 44 2
e 39 44 1
e 36 45 2
e 45 46 1
e 46 47 2
e 38 47 1
e 46 48 1
e 48 49 2
e 48 50 2
e 37 52 1
e 52 53 1
e 52 54 2
e 0 54 1
e 1 55 2
e 1 56 1
e 48 51 1
e 24 27 1
t # 73
v 0 6
v 1 7
v 2 5
v 3 6
v 4 9
v 5 6
v 6 6
v 7 6
v 8 5
v 9 6
v 10 6
v 11 6
v 12 6
v 13 6
v 14 6
v 15 6
v 16 6
v 17 6
v 18 9
v 19 9
v 20 6
v 21 6
v 22 6
v 23 6
v 24 6
v 25 6
v 26 9
v 27 6
v 28 9
v 29 9
v 30 6
v 31 6
v 32 6
v 33 6
v 34 6
v 35 6
v 36 6
v 37 6
v 38 9
v 39 9
v 40 6
v 41 6
v 42 6
v 43 6
v 44 5
v 45 6
v 46 6
v 47 5
v 48 6
v 49 5
v 50 6
v 51 6
v 52 6
v 53 6
v 54 9
v 55 5
v 56 5
e 0 1 1
e 1 2 2
e 3 4 1
e 4 5 1
e 0 5 2
e 6 7 1
e 7 8 1
e 8 9 1
e 9 10 2
e 10 11 1
e 3 11 2
e 9 12 1
e 12 13 2
e 3 13 1
e 5 14 1
e 14 15 2
e 15 16 1
e 16 17 2
e 0 17 1
e 16 18 1
e 18 19 2
e 19 20 1
e 20 21 2
e 21 22 1
e 22 23 2
e 23 24 1
e 24 25 2
e 20 25 1
e 25 26 1
e 24 27 1
e 22 28 1
e 28 29 2
e 29 30 1
e 30 31 2
e 31 32 1
e 32 33 2
e 33 34 1
e 34 35 2
e 35 36 1
e 36 37 2
e 37 38 1
e 38 39 2
e 39 40 1
e 40 41 2
e 41 42 1
e 42 43 2
e 43 44 1
e 43 45 1
e 45 46 2
e 40 46 1
e 47 48 2
e 42 48 1
e 48 49 1
e 37 50 1
e 50 51 2
e 34 51 1
e 33 52 1
e 52 53 2
e 30 53 1
e 21 54 1
e 1 55 2
e 1 56 1
t # 74
v 0 10
v 1 6
v 2 6
v 3 6
v 4 6
v 5 9
v 6 6
v 7 5
v 8 6
v 9 6
v 10 9
v 11 6
v 12 9
v 13 6
v 14 6
v 15 6
v 16 6
v 17 6
e 0 1 1
e 1 2 2
e 2 3 1
e 3 4 2
e 4 5 1
e 5 6 1
e 6 7 2
e 8 9 1
e 9 10 2
e 10 11 1
e 6 11 1
e 8 12 1
e 12 13 1
e 13 14 2
e 14 15 1
e 8 15 2
e 3 9 1
e 4 16 1
e 16 17 2
e 1 17 1
t # 75
v 0 6
v 1 9
v 2 6
v 3 7
v 4 6
v 5 6
v 6 6
v 7 6
v 8 6
v 9 6
v 10 6
v 11 6
v 12 6
v 13 7
v 14 9
v 15 9
v 16 6
v 17 7
v 18 9
e 0 1 1
e 1 2 1
e 2 3 2
e 0 4 1
e 4 5 2
e 5 6 1
e 6 7 2
e 7 8 1
e 8 9 2
e 4 9 1
e 10 11 2
e 11 12 1
e 1 12 1
e 10 13 1
e 10 14 1
e 14 15 2
e 15 16 1
e 12 16 2
e 16 17 1
e 11 18 1
e 2 18 1
t # 76
v 0 5
v 1 6
v 2 9
v 3 6
v 4 6
v 5 6
v 6 6
v 7 6
v 8 6
v 9 6
v 10 6
v 11 6
v 12 9
v 13 6
v 14 6
v 15 6
v 16 9
v 17 6
v 18 6
v 19 6
v 20 6
v 21 6
v 22 5
v 23 9
v 24 6
v 25 6
v 26 6
v 27 6
v 28 6
v 29 6
v 30 6
v 31 9
v 32 6
v 33 6
v 34 6
v 35 9
v 36 6
v 37 6
v 38 6
v 39 6
e 0 1 2
e 1 2 1
e 2 3 1
e 3 4 2
e 4 5 1
e 5 6 2
e 6 7 1
e 7 8 2
e 3 8 1
e 6 9 1
e 9 10 1
e 10 11 1
e 11 12 2
e 12 13 1
e 13 14 1
e 14 15 1
e 15 16 1
e 11 16 1
e 1 17 1
e 17 18 2
e 18 19 1
e 19 20 2
e 20 21 1
e 21 22 2
e 21 23 1
e 23 24 1
e 24 25 2
e 25 26 1
e 26 27 2
e 27 28 1
e 28 29 1
e 29 30 1
e 30 31 2
e 31 32 1
e 32 33 1
e 33 34 1
e 30 35 1
e 34 35 1
e 27 36 1
e 36 37 2
e 24 37 1
e 20 38 1
e 38 39 2
e 17 39 1
t # 77
v 0 6
v 1 6
v 2 5
v 3 9
v 4 6
v 5 9
v 6 6
v 7 6
v 8 6
v 9 9
v 10 6
v 11 9
v 12 9
v 13 6
v 14 9
v 15 9
v 16 6
v 17 6
v 18 6
v 19 6
v 20 6
v 21 6
v 22 9
v 23 5
e 0 1 2
e 1 2 1
e 3 4 2
e 0 4 1
e 3 5 1
e 5 6 1
e 6 7 2
e 7 8 1
e 7 9 1
e 9 10 2
e 10 11 1
e 8 11 1
e 8 12 2
e 12 13 1
e 13 14 2
e 6 14 1
e 0 15 1
e 16 17 2
e 17 18 1
e 18 19 2
e 19 20 1
e 20 21 2
e 16 21 1
e 22 23 1
e 1 23 1
e 15 22 2
e 15 16 1
t # 78
v 0 5
v 1 9
v 2 5
v 3 9
v 4 6
v 5 6
v 6 6
v 7 7
v 8 7
v 9 6
v 10 9
v 11 6
v 12 9
v 13 6
v 14 5
v 15 5
v 16 6
v 17 6
v 18 6
v 19 6
v 20 5
v 21 6
v 22 6
v 23 6
v 24 6
v 25 5
e 0 1 1
e 1 2 2
e 3 4 1
e 4 5 2
e 1 5 1
e 6 7 1
e 7 8 1
e 8 9 1
e 4 9 1
e 10 11 1
e 6 11 2
e 12 13 1
e 11 13 1
e 12 14 2
e 12 15 1
e 13 16 2
e 16 17 1
e 17 18 2
e 6 18 1
e 19 20 1
e 17 20 1
e 9 21 2
e 21 22 1
e 22 23 2
e 5 23 1
e 24 25 1
e 22 25 1
t # 79
v 0 5
v 1 6
v 2 9
v 3 6
v 4 6
v 5 6
v 6 6
v 7 6
v 8 6
v 9 6
v 10 9
v 11 6
v 12 6
v 13 9
v 14 6
v 15 6
v 16 13
v 17 6
v 18 9
v 19 6
v 20 6
v 21 6
v 22 6
v 23 6
v 24 6
v 25 6
v 26 9
v 27 6
v 28 6
v 29 9
v 30 6
v 31 6
v 32 5
v 33 6
v 34 6
e 0 1 2
e 1 2 1
e 2 3 1
e 3 4 2
e 4 5 1
e 5 6 2
e 6 7 1
e 7 8 2
e 3 8 1
e 6 9 1
e 9 10 2
e 10 11 1
e 11 12 1
e 9 13 1
e 12 13 1
e 1 14 1
e 14 15 2
e 15 16 1
e 17 18 1
e 18 19 1
e 19 20 1
e 20 21 2
e 15 21 1
e 22 23 1
e 23 24 2
e 24 25 1
e 17 25 2
e 22 26 2
e 26 27 1
e 27 28 1
e 22 29 1
e 28 29 1
e 23 30 1
e 30 31 2
e 17 31 1
e 19 32 2
e 20 33 1
e 33 34 2
e 14 34 1
t # 80
v 0 5
v 1 6
v 2 6
v 3 6
v 4 6
v 5 9
v 6 6
v 7 9
v 8 6
v 9 5
v 10 9
v 11 6
v 12 9
v 13 7
v 14 7
v 15 6
v 16 9
v 17 6
v 18 6
v 19 9
v 20 6
v 21 9
v 22 6
v 23 5
v 24 9
v 25 6
v 26 5
v 27 6
e 0 1 2
e 1 2 1
e 2 3 2
e 4 5 1
e 3 5 1
e 5 6 1
e 6 7 1
e 1 7 1
e 7 8 1
e 6 9 2
e 2 10 1
e 10 11 2
e 11 12 1
e 3 12 1
e 11 13 1
e 13 14 1
e 14 15 1
e 15 16 2
e 16 17 1
e 17 18 2
e 18 19 1
e 15 19 1
e 20 21 1
e 18 21 1
e 21 22 1
e 22 23 2
e 22 24 1
e 24 25 1
e 17 25 1
e 25 26 2
e 24 27 1
t # 81
v 0 5
v 1 6
v 2 6
v 3 6
v 4 5
v 5 6
v 6 7
v 7 7
v 8 6
e 0 1 1
e 1 2 1
e 2 3 1
e 3 4 1
e 5 6 1
e 6 7 1
e 7 8 1
e 2 8 1
e 2 5 1
t # 82
v 0 6
v 1 6
v 2 6
v 3 9
v 4 9
v 5 6
v 6 9
v 7 9
v 8 5
v 9 5
v 10 9
v 11 6
v 12 9
v 13 9
v 14 9
v 15 9
v 16 5
v 17 5
v 18 9
e 0 1 1
e 1 2 1
e 2 3 2
e 3 4 1
e 4 5 1
e 6 7 1
e 5 7 1
e 6 8 1
e 6 9 1
e 5 10 2
e 11 12 1
e 12 13 1
e 1 13 2
e 14 15 1
e 11 15 1
e 14 16 1
e 14 17 1
e 11 18 2
t # 83
v 0 5
v 1 6
v 2 9
v 3 6
v 4 6
v 5 6
v 6 6
v 7 6
v 8 6
v 9 6
v 10 9
v 11 6
v 12 6
v 13 9
v 14 6
v 15 6
v 16 10
v 17 6
v 18 9
v 19 6
v 20 6
v 21 6
v 22 6
v 23 6
v 24 6
v 25 9
v 26 6
v 27 6
v 28 9
v 29 6
v 30 6
v 31 5
v 32 6
v 33 6
v 34 6
e 0 1 2
e 1 2 1
e 2 3 1
e 3 4 2
e 4 5 1
e 5 6 2
e 6 7 1
e 7 8 2
e 3 8 1
e 6 9 1
e 9 10 2
e 10 11 1
e 11 12 1
e 9 13 1
e 12 13 1
e 1 14 1
e 14 15 2
e 15 16 1
e 17 18 1
e 18 19 1
e 19 20 1
e 15 20 1
e 21 22 1
e 22 23 2
e 23 24 1
e 17 24 2
e 21 25 2
e 25 26 1
e 26 27 1
e 21 28 1
e 27 28 1
e 22 29 1
e 29 30 2
e 17 30 1
e 19 31 2
e 20 32 2
e 32 33 1
e 33 34 2
e 14 34 1
t # 84
v 0 11
v 1 6
v 2 9
v 3 6
v 4 6
v 5 6
v 6 6
v 7 10
v 8 6
v 9 10
v 10 6
v 11 6
v 12 9
v 13 6
v 14 9
v 15 9
v 16 6
v 17 9
e 1 2 1
e 2 3 1
e 3 4 2
e 1 5 2
e 5 6 1
e 6 7 1
e 6 8 2
e 8 9 1
e 8 10 1
e 10 11 2
e 1 11 1
e 12 13 1
e 13 14 2
e 3 14 1
e 13 15 1
e 15 16 2
e 4 16 1
e 16 17 1
e 0 4 1
t # 85
v 0 6
v 1 6
v 2 9
v 3 6
v 4 6
v 5 6
v 6 6
v 7 6
v 8 6
v 9 9
v 10 6
v 11 6
v 12 6
v 13 6
v 14 6
v 15 6
v 16 6
v 17 9
v 18 6
v 19 6
v 20 9
v 21 9
v 22 6
v 23 6
v 24 6
v 25 6
v 26 9
v 27 6
v 28 6
v 29 6
v 30 6
v 31 6
v 32 6
v 33 6
v 34 9
v 35 6
v 36 6
v 37 9
e 0 1 1
e 1 2 1
e 3 4 1
e 2 4 1
e 5 6 1
e 6 7 2
e 7 8 1
e 3 8 2
e 5 9 2
e 9 10 1
e 10 11 2
e 11 12 1
e 12 13 2
e 13 14 1
e 14 15 2
e 10 15 1
e 12 16 1
e 16 17 2
e 17 18 1
e 18 19 1
e 16 20 1
e 19 20 1
e 5 21 1
e 21 22 1
e 22 23 1
e 6 24 1
e 24 25 2
e 3 25 1
e 4 26 2
e 26 27 1
e 27 28 2
e 28 29 1
e 29 30 2
e 30 31 1
e 31 32 2
e 27 32 1
e 29 33 1
e 33 34 2
e 34 35 1
e 35 36 1
e 33 37 1
e 36 37 1
t # 86
v 0 6
v 1 7
v 2 5
v 3 9
v 4 6
v 5 6
v 6 6
v 7 9
v 8 6
v 9 6
v 10 6
v 11 6
v 12 6
v 13 5
v 14 6
v 15 6
v 16 6
v 17 7
v 18 5
v 19 5
v 20 5
v 21 6
v 22 6
v 23 6
v 24 6
v 25 6
v 26 6
v 27 6
v 28 6
v 29 9
v 30 9
v 31 9
v 32 6
v 33 6
v 34 6
v 35 6
v 36 6
v 37 5
v 38 6
v 39 6
v 40 9
v 41 6
v 42 6
v 43 6
v 44 6
v 45 6
v 46 6
v 47 6
v 48 6
v 49 6
v 50 5
v 51 6
v 52 6
v 53 6
v 54 6
v 55 6
v 56 5
v 57 5
e 0 1 1
e 1 2 2
e 3 4 1
e 4 5 2
e 5 6 1
e 0 6 2
e 3 7 2
e 7 8 1
e 8 9 2
e 9 10 1
e 10 11 2
e 11 12 1
e 12 13 1
e 12 14 2
e 14 15 1
e 15 16 2
e 10 16 1
e 15 17 1
e 17 18 2
e 17 19 2
e 11 21 1
e 21 22 2
e 8 22 1
e 4 23 1
e 23 24 2
e 24 25 1
e 25 26 2
e 5 26 1
e 26 27 1
e 27 28 2
e 0 28 1
e 25 29 1
e 29 30 2
e 31 32 1
e 32 33 2
e 33 34 1
e 34 35 2
e 30 35 1
e 31 36 1
e 36 37 2
e 38 39 1
e 39 40 1
e 40 41 1
e 41 42 2
e 42 43 1
e 43 44 2
e 36 44 1
e 38 45 2
e 45 46 1
e 46 47 2
e 47 48 1
e 48 49 2
e 38 49 1
e 39 50 2
e 41 51 1
e 51 52 2
e 44 52 1
e 32 53 1
e 53 54 2
e 35 54 1
e 34 55 1
e 1 56 2
e 1 57 1
e 17 20 1
t # 87
v 0 6
v 1 6
v 2 6
v 3 6
v 4 7
v 5 5
v 6 7
v 7 5
v 8 5
v 9 6
v 10 6
v 11 7
v 12 9
v 13 6
v 14 6
v 15 5
v 16 5
v 17 6
v 18 6
v 19 7
v 20 9
v 21 6
v 22 6
v 23 5
e 0 1 1
e 1 2 1
e 2 3 1
e 3 4 1
e 4 5 2
e 0 6 1
e 6 7 2
e 6 8 2
e 9 10 1
e 10 11 1
e 9 12 1
e 12 13 1
e 13 14 1
e 13 15 2
e 4 16 2
e 17 18 1
e 18 19 1
e 17 20 1
e 20 21 1
e 21 22 1
e 21 23 2
e 4 19 1
e 6 11 1
t # 88
v 0 5
v 1 6
v 2 6
v 3 6
v 4 6
v 5 6
v 6 6
v 7 9
v 8 6
v 9 5
v 10 6
v 11 6
v 12 6
v 13 6
v 14 6
v 15 5
v 16 9
v 17 6
v 18 6
v 19 6
v 20 5
v 21 6
v 22 9
v 23 6
v 24 6
v 25 6
v 26 9
v 27 6
v 28 6
v 29 6
v 30 6
v 31 6
v 32 9
v 33 6
v 34 6
v 35 9
e 0 1 1
e 1 2 2
e 2 3 1
e 3 4 2
e 4 5 1
e 5 6 2
e 1 6 1
e 5 7 1
e 7 8 1
e 8 9 2
e 8 10 1
e 10 11 2
e 11 12 1
e 12 13 2
e 13 14 1
e 14 15 2
e 14 16 1
e 16 17 1
e 17 18 2
e 18 19 1
e 19 20 1
e 21 22 1
e 22 23 2
e 23 24 1
e 19 24 2
e 21 25 1
e 25 26 1
e 23 26 1
e 24 27 1
e 27 28 2
e 17 28 1
e 13 29 1
e 29 30 2
e 10 30 1
e 2 31 1
e 31 32 2
e 32 33 1
e 33 34 1
e 31 35 1
e 34 35 1
t # 89
v 0 5
v 1 6
v 2 9
v 3 6
v 4 6
v 5 6
v 6 6
v 7 6
v 8 6
v 9 6
v 10 9
v 11 9
v 12 6
v 13 6
v 14 6
v 15 9
v 16 6
v 17 9
v 18 6
v 19 6
v 20 9
v 21 6
v 22 6
v 23 6
v 24 6
v 25 9
v 26 6
v 27 6
v 28 5
v 29 6
v 30 6
e 0 1 2
e 1 2 1
e 2 3 1
e 3 4 2
e 4 5 1
e 5 6 2
e 6 7 1
e 7 8 2
e 3 8 1
e 6 9 1
e 9 10 2
e 9 11 1
e 1 12 1
e 12 13 2
e 13 14 1
e 14 15 1
e 16 17 1
e 17 18 1
e 18 19 1
e 14 19 2
e 20 21 2
e 21 22 1
e 22 23 2
e 23 24 1
e 16 24 2
e 21 25 1
e 22 26 1
e 26 27 2
e 16 27 1
e 18 28 2
e 19 29 1
e 29 30 2
e 12 30 1
t # 90
v 0 5
v 1 6
v 2 9
v 3 6
v 4 6
v 5 6
v 6 6
v 7 6
v 8 6
v 9 6
v 10 9
v 11 6
v 12 6
v 13 5
v 14 6
v 15 9
v 16 6
v 17 6
v 18 6
v 19 6
v 20 6
v 21 5
v 22 9
v 23 6
v 24 6
v 25 6
v 26 6
v 27 6
v 28 9
v 29 6
v 30 6
v 31 6
v 32 9
v 33 5
v 34 6
v 35 6
v 36 6
v 37 6
e 0 1 2
e 1 2 1
e 2 3 1
e 3 4 2
e 4 5 1
e 5 6 2
e 6 7 1
e 7 8 2
e 3 8 1
e 6 9 1
e 9 10 2
e 10 11 1
e 11 12 1
e 12 13 1
e 12 14 1
e 14 15 1
e 9 15 1
e 1 16 1
e 16 17 2
e 17 18 1
e 18 19 2
e 19 20 1
e 20 21 2
e 20 22 1
e 22 23 1
e 23 24 2
e 24 25 1
e 25 26 2
e 26 27 1
e 27 28 2
e 28 29 1
e 29 30 1
e 30 31 1
e 27 32 1
e 31 32 1
e 30 33 1
e 26 34 1
e 34 35 2
e 23 35 1
e 19 36 1
e 36 37 2
e 16 37 1
t # 91
v 0 5
v 1 6
v 2 6
v 3 6
v 4 6
v 5 6
v 6 6
v 7 9
v 8 9
v 9 6
v 10 6
v 11 6
v 12 6
v 13 7
v 14 5
v 15 5
v 16 5
v 17 6
v 18 6
v 19 7
v 20 5
v 21 5
v 22 5
v 23 9
v 24 6
v 25 6
v 26 9
v 27 6
v 28 6
v 29 6
v 30 6
v 31 6
v 32 6
v 33 9
v 34 9
v 35 9
v 36 6
v 37 6
v 38 6
v 39 6
v 40 6
v 41 5
v 42 6
v 43 6
v 44 6
v 45 6
v 46 9
v 47 6
v 48 6
v 49 6
v 50 6
v 51 6
v 52 6
v 53 6
v 54 6
e 0 1 1
e 1 2 2
e 2 3 1
e 3 4 2
e 4 5 1
e 5 6 2
e 1 6 1
e 6 7 1
e 7 8 2
e 8 9 1
e 9 10 2
e 10 11 1
e 11 12 2
e 12 13 1
e 13 14 2
e 13 15 2
e 12 17 1
e 17 18 2
e 9 18 1
e 5 19 1
e 19 20 2
e 19 21 2
e 23 24 1
e 24 25 2
e 3 25 1
e 23 26 2
e 26 27 1
e 27 28 2
e 28 29 1
e 29 30 2
e 30 31 1
e 31 32 2
e 27 32 1
e 30 33 1
e 33 34 2
e 35 36 1
e 36 37 2
e 37 38 1
e 38 39 2
e 34 39 1
e 35 40 1
e 40 41 2
e 40 42 1
e 42 43 2
e 43 44 1
e 44 45 2
e 45 46 1
e 45 47 1
e 47 48 2
e 42 48 1
e 36 49 1
e 49 50 2
e 39 50 1
e 38 51 1
e 28 52 1
e 24 53 1
e 53 54 2
e 2 54 1
e 19 22 1
e 13 16 1
t # 92
v 0 5
v 1 6
v 2 9
v 3 6
v 4 6
v 5 6
v 6 6
v 7 6
v 8 6
v 9 6
v 10 9
v 11 6
v 12 6
v 13 9
v 14 6
v 15 9
v 16 6
v 17 9
v 18 5
v 19 6
v 20 9
v 21 6
v 22 6
v 23 6
v 24 6
v 25 6
v 26 9
v 27 6
v 28 6
v 29 9
v 30 6
v 31 6
v 32 6
v 33 6
v 34 9
v 35 6
v 36 6
v 37 9
v 38 6
v 39 6
v 40 5
v 41 6
v 42 6
v 43 5
e 0 1 2
e 1 2 1
e 2 3 1
e 3 4 2
e 4 5 1
e 5 6 2
e 6 7 1
e 7 8 2
e 3 8 1
e 6 9 1
e 9 10 2
e 10 11 1
e 11 12 1
e 9 13 1
e 12 13 1
e 1 14 1
e 14 15 1
e 15 16 1
e 16 17 1
e 18 19 2
e 19 20 1
e 20 21 1
e 21 22 2
e 22 23 1
e 23 24 2
e 17 24 1
e 25 26 1
e 26 27 1
e 27 28 1
e 28 29 1
e 19 29 1
e 30 31 1
e 31 32 2
e 32 33 1
e 25 33 2
e 30 34 2
e 34 35 1
e 35 36 1
e 30 37 1
e 36 37 1
e 31 38 1
e 38 39 2
e 25 39 1
e 27 40 2
e 21 41 1
e 41 42 2
e 24 42 1
e 16 43 2
t # 93
v 0 6
v 1 6
v 2 6
v 3 5
v 4 9
v 5 6
v 6 6
v 7 6
v 8 9
v 9 9
v 10 6
v 11 6
v 12 6
v 13 6
v 14 6
v 15 9
v 16 6
v 17 6
v 18 6
v 19 6
v 20 6
v 21 9
v 22 9
v 23 6
v 24 6
v 25 6
v 26 6
v 27 5
v 28 6
v 29 6
v 30 6
v 31 6
e 0 1 1
e 1 2 2
e 2 3 1
e 0 4 1
e 4 5 1
e 5 6 1
e 6 7 1
e 7 8 3
e 9 10 3
e 10 11 1
e 11 12 1
e 4 12 1
e 13 14 1
e 14 15 1
e 15 16 1
e 16 17 1
e 17 18 1
e 18 19 1
e 1 19 1
e 13 20 1
e 20 21 3
e 22 23 3
e 23 24 1
e 24 25 1
e 15 25 1
e 17 26 2
e 2 26 1
e 26 27 1
e 18 28 2
e 28 29 1
e 29 30 2
e 30 31 1
e 19 31 2
t # 94
v 0 5
v 1 6
v 2 9
v 3 6
v 4 6
v 5 6
v 6 6
v 7 9
v 8 6
v 9 6
v 10 9
v 11 6
v 12 9
v 13 6
v 14 6
v 15 9
v 16 5
v 17 6
v 18 6
v 19 6
v 20 6
v 21 6
v 22 6
v 23 6
v 24 5
v 25 9
v 26 6
v 27 6
v 28 6
v 29 6
v 30 9
v 31 6
v 32 6
v 33 9
v 34 6
v 35 9
v 36 6
v 37 6
v 38 9
v 39 5
v 40 6
v 41 6
v 42 6
v 43 6
e 0 1 2
e 1 2 1
e 2 3 1
e 3 4 2
e 4 5 1
e 5 6 2
e 6 7 1
e 7 8 1
e 8 9 1
e 9 10 1
e 10 11 1
e 11 12 2
e 12 13 1
e 13 14 1
e 11 15 1
e 14 15 1
e 8 16 2
e 6 17 1
e 17 18 2
e 3 18 1
e 1 19 1
e 19 20 2
e 20 21 1
e 21 22 2
e 22 23 1
e 23 24 2
e 23 25 1
e 25 26 1
e 26 27 2
e 27 28 1
e 28 29 2
e 29 30 1
e 30 31 1
e 31 32 1
e 32 33 1
e 33 34 1
e 34 35 2
e 35 36 1
e 36 37 1
e 34 38 1
e 37 38 1
e 31 39 2
e 29 40 1
e 40 41 2
e 26 41 1
e 22 42 1
e 42 43 2
e 19 43 1
t # 95
v 0 9
v 1 6
v 2 6
v 3 6
v 4 9
v 5 6
v 6 6
v 7 6
v 8 6
v 9 9
v 10 9
v 11 6
v 12 6
v 13 6
v 14 6
v 15 6
v 16 6
v 17 6
v 18 9
v 19 9
v 20 6
v 21 6
v 22 6
v 23 6
v 24 9
v 25 9
v 26 6
v 27 6
v 28 6
v 29 6
v 30 5
v 31 6
v 32 6
v 33 5
v 34 6
v 35 5
v 36 7
v 37 5
v 38 5
v 39 5
v 40 6
v 41 6
v 42 6
e 0 1 1
e 1 2 2
e 2 3 1
e 3 4 1
e 5 6 1
e 3 6 2
e 6 7 1
e 7 8 2
e 1 8 1
e 8 9 1
e 9 10 2
e 11 12 1
e 12 13 2
e 13 14 1
e 14 15 2
e 10 15 1
e 12 16 1
e 16 17 2
e 15 17 1
e 2 18 1
e 18 19 2
e 19 20 1
e 20 21 2
e 21 22 1
e 22 23 2
e 23 24 1
e 24 25 2
e 25 26 1
e 26 27 2
e 27 28 1
e 28 29 2
e 29 30 1
e 29 31 1
e 31 32 2
e 26 32 1
e 33 34 2
e 31 34 1
e 34 35 1
e 28 36 1
e 36 37 2
e 36 38 2
e 23 40 1
e 40 41 2
e 20 41 1
e 22 42 1
e 36 39 1
t # 96
v 0 5
v 1 7
v 2 5
v 3 6
v 4 6
v 5 6
v 6 6
v 7 6
v 8 6
v 9 7
v 10 5
v 11 5
v 12 5
v 13 6
v 14 6
v 15 6
v 16 6
v 17 9
v 18 9
v 19 9
v 20 6
v 21 6
v 22 6
v 23 6
v 24 7
v 25 5
v 26 5
v 27 6
v 28 6
v 29 6
v 30 6
v 31 9
v 32 9
v 33 6
v 34 6
v 35 6
v 36 6
v 37 6
v 38 6
v 39 6
v 40 6
v 41 6
v 42 6
v 43 7
v 44 5
v 45 5
v 46 5
v 47 5
v 48 6
v 49 6
v 50 6
v 51 6
v 52 6
v 53 5
e 0 1 2
e 1 2 2
e 1 3 1
e 3 4 2
e 4 5 1
e 5 6 2
e 6 7 1
e 7 8 2
e 3 8 1
e 7 9 1
e 9 10 2
e 9 11 2
e 5 13 1
e 13 14 2
e 14 15 1
e 15 16 2
e 4 16 1
e 15 17 1
e 17 18 2
e 19 20 1
e 20 21 2
e 21 22 1
e 22 23 2
e 18 23 1
e 19 24 1
e 24 25 2
e 24 26 2
e 24 27 1
e 27 28 2
e 28 29 1
e 29 30 2
e 30 31 1
e 31 32 2
e 32 33 1
e 33 34 2
e 34 35 1
e 35 36 2
e 36 37 1
e 37 38 2
e 38 39 1
e 39 40 2
e 35 40 1
e 36 41 1
e 41 42 2
e 33 42 1
e 41 43 1
e 43 44 2
e 43 45 2
e 34 47 1
e 30 48 1
e 48 49 2
e 27 49 1
e 20 50 1
e 50 51 2
e 23 51 1
e 22 52 1
e 1 53 1
e 9 12 1
e 43 46 1
t # 97
v 0 5
v 1 7
v 2 5
v 3 6
v 4 6
v 5 6
v 6 6
v 7 6
v 8 6
v 9 7
v 10 5
v 11 5
v 12 5
v 13 6
v 14 6
v 15 6
v 16 6
v 17 9
v 18 9
v 19 9
v 20 6
v 21 6
v 22 6
v 23 6
v 24 6
v 25 5
v 26 6
v 27 6
v 28 6
v 29 6
v 30 9
v 31 9
v 32 6
v 33 6
v 34 6
v 35 6
v 36 6
v 37 6
v 38 6
v 39 6
v 40 6
v 41 6
v 42 7
v 43 5
v 44 5
v 45 5
v 46 5
v 47 6
v 48 6
v 49 6
v 50 6
v 51 6
v 52 5
e 0 1 2
e 1 2 2
e 1 3 1
e 3 4 2
e 4 5 1
e 5 6 2
e 6 7 1
e 7 8 2
e 3 8 1
e 7 9 1
e 9 10 2
e 9 11 2
e 5 13 1
e 13 14 2
e 14 15 1
e 15 16 2
e 4 16 1
e 15 17 1
e 17 18 2
e 19 20 1
e 20 21 2
e 21 22 1
e 22 23 2
e 18 23 1
e 19 24 1
e 24 25 2
e 24 26 1
e 26 27 2
e 27 28 1
e 28 29 2
e 29 30 1
e 30 31 2
e 31 32 1
e 32 33 2
e 33 34 1
e 34 35 2
e 35 36 1
e 36 37 2
e 37 38 1
e 38 39 2
e 34 39 1
e 35 40 1
e 40 41 2
e 32 41 1
e 40 42 1
e 42 43 2
e 42 44 2
e 33 46 1
e 29 47 1
e 47 48 2
e 26 48 1
e 20 49 1
e 49 50 2
e 23 50 1
e 22 51 1
e 1 52 1
e 9 12 1
e 42 45 1
t # 98
v 0 6
v 1 6
v 2 9
v 3 6
v 4 6
v 5 6
v 6 6
v 7 6
v 8 6
v 9 9
v 10 9
v 11 6
v 12 6
v 13 6
v 14 6
v 15 9
v 16 9
v 17 9
v 18 6
v 19 6
v 20 6
v 21 6
v 22 6
v 23 5
v 24 6
v 25 6
v 26 6
v 27 6
v 28 9
v 29 6
v 30 6
v 31 6
v 32 6
v 33 6
v 34 6
v 35 6
v 36 6
v 37 7
v 38 5
v 39 5
v 40 5
v 41 9
v 42 9
v 43 6
v 44 6
v 45 6
v 46 6
v 47 6
v 48 5
v 49 5
v 50 6
v 51 6
v 52 5
e 0 1 1
e 1 2 1
e 2 3 1
e 3 4 2
e 4 5 1
e 5 6 2
e 6 7 1
e 7 8 2
e 3 8 1
e 7 9 1
e 9 10 2
e 10 11 1
e 11 12 2
e 12 13 1
e 13 14 2
e 14 15 1
e 15 16 2
e 17 18 1
e 18 19 2
e 19 20 1
e 20 21 2
e 16 21 1
e 17 22 1
e 22 23 2
e 22 24 1
e 24 25 2
e 25 26 1
e 26 27 2
e 27 28 1
e 27 29 1
e 29 30 2
e 24 30 1
e 18 31 1
e 31 32 2
e 21 32 1
e 20 33 1
e 14 34 1
e 34 35 2
e 11 35 1
e 12 36 1
e 6 37 1
e 37 38 2
e 37 39 2
e 4 41 1
e 41 42 2
e 43 44 1
e 44 45 2
e 45 46 1
e 46 47 2
e 42 47 1
e 43 48 2
e 43 49 1
e 44 50 1
e 50 51 2
e 47 51 1
e 1 52 2
e 37 40 1
t # 99
v 0 6
v 1 6
v 2 6
v 3 6
v 4 6
v 5 6
v 6 6
v 7 9
v 8 9
v 9 9
v 10 6
v 11 6
v 12 6
v 13 6
v 14 6
v 15 5
v 16 6
v 17 6
v 18 6
v 19 6
v 20 9
v 21 6
v 22 6
v 23 6
v 24 6
v 25 6
v 26 9
v 27 9
v 28 6
v 29 6
v 30 6
v 31 6
v 32 6
v 33 6
v 34 9
v 35 6
v 36 6
v 37 5
v 38 9
v 39 9
v 40 6
v 41 6
v 42 6
v 43 6
v 44 6
v 45 6
v 46 5
v 47 6
v 48 5
v 49 7
v 50 5
v 51 5
v 52 5
e 0 1 1
e 1 2 2
e 2 3 1
e 3 4 2
e 4 5 1
e 5 6 2
e 1 6 1
e 5 7 1
e 7 8 2
e 9 10 1
e 10 11 2
e 11 12 1
e 12 13 2
e 8 13 1
e 9 14 1
e 14 15 2
e 14 16 1
e 16 17 2
e 17 18 1
e 18 19 2
e 19 20 1
e 19 21 1
e 21 22 2
e 16 22 1
e 10 23 1
e 23 24 2
e 13 24 1
e 12 25 1
e 2 26 1
e 26 27 2
e 27 28 1
e 28 29 2
e 29 30 1
e 30 31 2
e 31 32 1
e 32 33 2
e 28 33 1
e 32 34 1
e 34 35 1
e 35 36 1
e 35 37 2
e 31 38 1
e 38 39 2
e 39 40 1
e 40 41 2
e 41 42 1
e 42 43 2
e 43 44 1
e 44 45 2
e 40 45 1
e 46 47 2
e 42 47 1
e 47 48 1
e 29 49 1
e 49 50 2
e 49 51 2
e 49 52 1
